10
100
466 97
274 95
34 94
284 94
64 93
301 93
164 92
16 91
152 91
117 90
374 90
451 90
218 89
313 89
446 88
217 87
106 86
171 85
189 85
152 84
380 84
171 83
447 82
237 81
374 81
496 81
95 79
40 78
78 77
374 77
212 76
250 75
455 75
198 74
400 74
474 73
301 72
445 72
340 71
444 71
65 68
62 67
183 67
190 65
235 64
356 64
453 63
181 61
192 60
21 58
148 58
191 58
471 58
144 55
486 55
83 54
205 54
283 54
55 53
184 50
343 49
443 49
146 44
373 44
217 39
117 38
98 37
363 37
13 35
356 35
6 34
415 34
14 33
136 33
291 32
60 31
211 31
326 31
193 30
190 29
111 26
138 26
269 25
185 24
295 21
58 20
182 19
80 18
459 16
8 15
294 14
156 13
181 11
230 11
397 9
424 9
389 3
418 1
107 0
401 0
