10
100
105 98
193 98
237 98
30 97
166 96
190 96
454 96
178 95
475 95
89 93
394 93
434 93
137 92
317 92
405 92
51 90
102 89
160 88
85 87
204 87
234 87
348 87
423 87
457 87
364 86
404 86
302 85
193 83
486 83
110 81
366 81
85 80
360 80
202 79
383 79
28 78
30 78
338 78
344 78
135 77
335 75
247 74
289 70
278 68
308 68
68 66
84 65
345 65
360 65
60 63
184 63
124 59
279 58
419 58
488 57
201 56
462 56
190 55
264 55
452 54
160 53
314 52
369 52
124 48
200 48
333 48
367 45
69 44
306 43
187 42
412 38
94 37
431 36
320 33
437 33
451 33
49 32
281 30
10 27
425 26
439 25
234 23
11 21
157 21
25 20
45 20
475 17
43 16
55 16
270 16
152 15
461 13
169 12
86 10
205 10
392 10
5 7
228 7
345 3
421 2
