10
100
261 99
93 98
183 97
445 97
303 96
62 95
86 95
106 93
284 93
112 91
78 90
93 86
368 85
394 85
70 84
205 84
43 83
366 83
472 83
41 82
44 82
38 81
85 81
143 81
107 80
283 79
264 78
269 77
417 77
199 75
422 75
373 70
247 69
421 69
491 69
81 66
343 65
41 60
346 58
14 56
380 56
484 56
390 54
173 53
246 53
417 52
318 51
211 49
448 49
386 47
96 46
405 45
423 45
209 43
230 43
393 43
340 41
436 41
189 40
212 40
213 40
368 39
95 36
195 36
96 32
220 32
405 32
243 31
268 30
411 30
17 28
487 28
4 27
172 27
451 27
491 27
372 26
351 25
25 24
82 24
265 24
138 23
199 21
244 21
375 21
393 21
443 19
64 18
113 18
493 17
35 15
284 15
376 14
440 14
497 13
339 12
117 8
400 7
172 2
430 2
