10
100
105 98
417 97
101 94
34 91
416 91
459 91
343 90
215 89
266 88
453 86
491 85
232 84
95 82
125 82
75 80
343 76
203 75
59 73
221 73
444 72
3 71
41 71
202 71
452 71
337 70
393 68
396 68
10 66
53 66
236 66
300 65
120 64
265 63
191 62
302 62
114 61
197 61
160 60
186 60
71 59
143 59
213 58
269 58
158 57
339 55
435 55
105 54
296 54
28 53
192 53
254 53
305 53
468 51
122 50
116 49
195 49
407 46
478 46
399 45
434 44
17 43
167 42
124 40
153 40
283 39
267 38
73 37
346 37
365 36
114 34
2 33
131 30
240 28
51 26
224 26
226 26
495 25
253 23
394 22
446 22
225 21
10 20
132 19
1 18
135 18
237 17
174 15
283 13
414 13
135 11
162 11
235 9
227 8
38 6
355 6
189 4
250 4
295 4
466 3
172 1
