10
100
277 97
433 97
149 96
391 95
14 90
234 89
137 88
367 88
366 85
150 84
83 81
56 80
155 80
349 79
58 78
370 75
231 73
431 71
289 69
399 69
89 68
496 65
245 64
303 64
165 63
253 63
357 61
306 59
112 58
256 58
33 57
145 57
206 57
242 57
414 54
481 53
106 51
476 50
384 49
114 47
200 45
242 45
78 44
234 43
352 43
42 42
71 41
111 41
473 41
478 39
492 39
77 36
308 36
312 36
386 36
21 35
461 35
257 33
492 32
26 31
44 31
250 31
348 31
225 30
315 30
370 30
65 28
165 27
155 26
190 25
471 25
208 24
248 23
97 22
215 22
101 21
386 21
481 21
306 20
27 19
91 19
235 19
75 18
447 18
256 16
31 15
334 14
393 12
187 10
248 9
34 8
172 6
361 6
368 5
247 4
312 4
22 1
79 0
122 0
232 0
