10
100
411 98
457 98
83 97
34 96
359 96
77 94
473 94
140 90
275 90
290 90
336 90
107 89
160 88
145 86
267 86
61 84
274 84
11 82
323 82
220 80
12 79
494 79
98 78
458 77
497 76
262 71
2 69
65 68
463 68
413 67
7 66
90 66
124 65
76 64
156 63
93 60
476 60
138 59
234 58
113 57
276 55
474 55
460 54
223 51
437 49
292 48
195 47
194 46
114 42
25 41
21 40
47 40
35 39
471 39
38 38
62 38
205 37
296 37
77 36
475 36
107 34
99 32
363 30
482 29
120 28
99 26
9 25
295 25
320 25
354 24
462 23
169 22
273 21
83 20
128 20
287 20
313 20
336 20
384 20
50 19
266 18
305 18
123 17
441 14
350 13
110 12
117 12
475 11
324 10
168 9
246 9
456 9
218 6
458 6
319 5
463 5
34 3
43 1
75 0
177 0
