10
100
7 99
493 99
311 97
379 97
189 96
76 93
105 93
382 93
16 91
225 91
283 91
400 91
346 88
38 87
348 86
163 83
384 83
319 82
214 80
146 79
297 78
294 76
282 75
192 74
275 73
397 73
110 72
433 72
266 70
269 70
4 69
203 69
325 68
495 68
97 65
216 63
232 63
244 63
249 63
421 61
80 60
201 59
233 57
93 55
313 55
331 54
461 54
167 51
417 51
232 50
206 49
415 48
420 47
175 46
210 46
331 46
18 45
20 45
86 44
112 44
39 42
271 41
337 39
434 39
435 39
230 37
445 37
103 35
228 34
306 33
435 32
213 26
381 26
284 23
495 22
127 21
228 21
306 21
481 21
29 20
86 19
181 18
332 17
402 17
43 16
233 16
177 13
328 13
337 13
251 12
315 12
33 10
123 10
4 9
10 9
98 9
176 8
262 3
404 3
332 1
