10
100
194 98
338 98
76 95
150 95
386 95
54 94
411 94
454 94
262 93
358 93
96 92
410 92
446 92
4 91
337 91
360 91
489 90
46 89
118 89
486 87
56 86
32 85
169 84
67 83
221 81
23 79
430 78
459 77
9 76
479 76
159 75
457 75
471 74
455 73
343 68
330 67
495 67
15 64
133 64
329 64
462 64
212 63
40 62
350 61
99 60
141 59
463 59
385 58
312 57
39 55
289 55
229 54
245 54
441 54
477 54
453 53
418 52
260 49
103 48
183 47
492 47
420 46
335 43
222 42
301 42
226 41
339 41
208 38
385 37
142 36
161 35
271 32
361 32
224 29
42 28
385 28
72 26
182 24
273 24
450 24
15 23
265 22
322 19
493 19
157 18
217 18
203 17
423 15
29 14
55 14
195 14
260 14
297 14
408 13
395 12
425 11
459 10
325 5
396 3
121 2
