10
100
476 99
338 98
354 98
402 97
444 97
194 95
202 95
238 95
18 94
65 94
76 94
69 93
171 93
219 93
480 93
479 91
20 90
88 89
219 89
467 85
301 84
461 83
417 82
423 80
254 77
316 76
197 75
76 73
290 73
303 73
407 72
185 70
96 69
155 69
248 67
63 62
289 62
154 60
470 59
57 58
329 58
413 58
421 58
252 56
356 55
465 53
300 52
87 51
192 51
412 49
227 48
247 48
173 47
249 47
417 46
497 46
181 45
345 44
118 42
209 42
214 41
371 41
295 39
320 38
427 38
406 37
73 35
139 34
372 34
417 33
158 32
197 32
345 32
25 31
186 31
109 30
388 28
427 26
188 25
37 24
367 21
8 20
234 20
468 17
119 14
414 14
21 13
242 13
407 12
351 9
361 9
72 8
41 7
68 7
276 7
307 7
148 6
69 5
196 1
397 1
