10
100
266 98
8 96
173 96
326 96
155 95
171 95
55 94
279 94
410 89
345 87
124 86
125 85
311 82
312 82
237 81
308 80
445 80
417 79
157 78
266 78
90 77
162 77
311 77
247 76
352 76
426 76
274 75
412 75
85 73
80 71
252 71
2 70
112 70
118 70
152 67
211 65
317 65
323 65
33 64
297 63
321 63
472 63
173 62
7 60
306 60
187 59
366 58
405 56
135 55
254 55
275 53
18 51
122 51
63 49
218 49
90 46
348 45
377 45
480 44
314 42
341 42
331 41
24 38
252 38
272 38
494 37
135 34
138 34
137 33
183 32
370 31
477 31
201 27
248 27
379 25
396 24
26 23
284 23
407 22
265 21
204 18
483 18
183 17
395 17
185 16
298 15
264 14
38 12
81 11
27 8
20 6
2 5
175 4
491 3
71 2
209 2
413 2
482 1
29 0
103 0
