15
250
31 99
34 99
265 99
338 99
316 98
43 97
410 97
109 96
249 96
486 96
11 95
108 95
185 95
266 95
296 95
401 95
86 94
153 94
161 94
33 93
298 93
406 93
453 93
318 92
54 91
105 91
408 91
465 90
490 90
121 89
278 89
20 88
211 88
245 88
492 88
48 87
248 87
322 87
365 87
225 86
270 86
401 86
402 86
497 86
3 85
104 84
329 83
418 83
221 82
231 82
370 82
322 81
254 80
433 80
123 79
357 79
28 78
39 78
76 77
96 77
215 77
9 76
44 76
146 76
169 75
209 75
439 75
197 74
433 74
495 73
127 72
170 72
377 72
150 71
205 71
149 70
162 70
167 70
336 70
387 70
114 69
291 69
239 67
300 67
52 65
249 65
123 64
240 64
72 63
98 63
275 63
103 62
376 61
331 60
395 60
90 59
96 59
192 59
37 57
165 57
336 57
55 56
169 56
178 56
195 56
138 55
358 55
470 55
477 55
61 54
83 54
124 53
126 53
150 53
418 53
94 51
99 51
217 51
305 51
419 51
332 50
463 50
8 49
132 49
204 49
231 49
280 49
371 48
375 48
60 47
238 47
464 47
368 46
404 46
102 45
124 45
201 45
45 44
63 44
107 44
311 44
339 44
65 43
318 43
351 43
367 43
99 42
122 42
227 42
269 42
329 42
281 41
321 41
454 41
470 41
284 39
398 39
184 38
245 38
405 38
440 38
74 36
276 36
365 36
490 36
252 35
290 35
382 35
468 34
25 33
43 33
111 33
179 33
377 33
32 32
226 32
340 31
247 30
147 29
69 28
278 28
430 28
178 27
90 26
123 25
305 25
141 24
18 22
38 22
295 22
432 22
479 22
20 21
94 21
95 21
115 21
176 21
438 21
215 20
72 19
153 18
227 17
334 17
361 17
444 17
114 16
155 16
409 16
460 16
259 15
311 15
246 14
374 14
259 13
408 13
374 12
147 11
272 11
366 11
305 10
435 10
37 9
235 9
17 8
40 8
184 8
27 7
53 7
59 7
436 7
171 6
178 6
325 6
420 6
435 6
113 5
173 5
448 5
150 3
225 3
277 3
314 3
355 3
404 3
149 2
236 2
464 2
492 2
178 1
180 0
