15
250
162 98
277 98
422 97
306 96
29 95
57 95
119 95
183 95
239 95
320 95
345 95
133 94
203 94
420 93
95 92
171 92
375 92
416 92
418 92
342 91
342 91
481 91
207 90
451 90
461 90
429 89
464 89
84 88
164 88
385 88
54 86
403 86
137 85
285 84
287 84
497 84
8 83
85 83
113 83
155 83
175 83
205 82
343 82
489 82
113 81
116 81
328 81
71 80
77 80
257 80
111 79
350 79
230 78
252 78
260 78
89 77
106 76
116 76
402 76
152 75
27 74
92 74
81 73
83 73
222 73
227 73
297 73
406 73
81 72
490 72
64 71
263 71
305 70
383 69
67 68
126 68
433 68
464 68
40 67
74 67
279 67
299 67
412 67
486 67
43 66
273 66
31 65
195 65
356 65
488 65
24 64
249 64
271 63
342 63
429 63
32 62
60 62
173 62
305 62
142 61
354 61
446 61
231 60
463 60
483 60
124 58
406 58
490 57
3 56
288 56
291 56
139 55
153 55
168 55
426 55
1 54
235 54
309 54
469 54
55 53
193 53
454 53
494 53
297 52
366 52
423 52
467 52
77 51
85 51
388 51
462 51
144 50
231 50
332 50
76 49
133 48
273 48
96 47
200 47
204 47
199 46
439 45
275 43
386 43
445 43
6 42
136 42
100 41
274 41
309 41
43 40
179 40
239 40
281 40
424 39
458 39
494 39
283 38
394 38
115 37
204 37
419 36
144 35
330 35
343 35
107 34
161 34
192 34
85 33
354 33
426 33
225 32
430 31
475 31
50 30
347 30
380 30
476 30
9 29
187 29
284 29
354 29
417 29
141 28
230 28
464 28
238 27
347 27
163 26
361 26
369 26
390 26
414 25
106 24
211 24
400 24
22 23
356 22
76 21
217 21
114 20
103 19
138 19
178 19
227 19
259 19
355 19
476 18
103 17
237 17
341 17
345 17
351 17
122 16
130 16
208 16
352 16
376 16
293 15
21 14
94 14
394 14
477 14
24 12
44 12
234 12
219 11
423 11
464 11
257 10
196 8
393 8
250 7
351 7
415 7
143 5
223 5
291 5
437 5
11 4
474 4
155 3
256 3
360 3
192 2
480 1
2 0
43 0
390 0
409 0
