15
250
240 99
395 99
319 98
96 97
102 97
181 97
213 97
107 96
183 96
201 96
327 96
402 96
213 95
365 95
377 95
239 94
379 94
387 94
416 94
404 93
215 92
223 92
181 91
213 91
370 91
485 91
16 90
190 90
195 90
317 90
479 90
254 89
157 88
182 88
313 87
67 86
96 86
188 86
241 86
280 86
343 86
382 86
32 85
35 85
241 85
312 84
307 83
272 82
419 81
42 80
146 80
220 80
258 80
109 79
170 79
106 78
465 78
327 77
94 76
214 76
218 76
265 76
134 75
172 75
174 75
241 75
139 74
38 73
297 73
298 73
380 73
264 72
278 71
247 70
332 69
215 68
408 68
452 68
122 67
311 67
364 66
208 65
223 65
449 65
136 64
224 63
481 63
165 62
186 62
439 62
10 61
114 61
133 61
247 58
324 58
488 58
237 56
315 55
272 54
283 54
316 54
89 53
311 53
8 52
294 52
453 52
0 51
22 51
324 51
469 51
226 50
317 50
329 50
164 49
187 49
319 49
377 49
389 49
454 49
85 48
281 48
345 48
6 47
51 47
107 47
496 47
158 46
223 46
28 45
463 44
328 43
447 43
364 42
53 41
132 41
498 41
439 40
110 39
241 39
159 38
363 38
399 38
96 37
103 37
110 37
375 37
425 37
492 37
254 36
393 36
162 35
11 34
16 34
17 34
91 34
230 34
284 34
321 34
32 33
104 32
140 32
393 32
28 31
175 31
220 31
353 31
33 30
105 30
114 30
184 30
409 30
5 29
45 29
427 29
24 28
56 28
138 28
162 28
235 28
232 27
162 26
334 26
62 25
175 25
375 25
199 24
384 24
110 23
262 23
299 23
404 23
418 23
424 23
446 23
85 22
98 22
158 22
167 22
322 22
388 22
85 21
187 21
116 20
170 20
196 20
205 20
10 18
139 18
454 18
188 17
6 16
246 16
454 16
419 15
240 14
397 13
447 13
39 12
207 12
240 11
348 11
492 11
149 10
180 10
191 10
55 9
320 9
363 9
263 8
77 7
93 7
125 7
156 7
60 5
337 5
380 5
445 5
38 4
136 4
478 4
143 3
147 2
385 2
433 2
170 1
223 1
108 0
153 0
192 0
328 0
