15
250
14 99
200 98
61 97
256 97
310 97
446 97
80 96
156 96
48 95
280 95
255 94
389 94
464 93
89 92
116 92
198 92
181 91
481 91
275 90
149 88
164 88
345 87
40 86
162 86
28 85
295 84
413 84
423 84
32 83
316 83
244 82
295 82
411 82
218 81
344 81
24 80
35 80
339 80
420 80
45 79
174 79
226 79
334 79
379 79
153 77
403 77
191 76
249 76
288 76
54 75
115 75
182 75
228 75
495 75
138 74
77 73
253 73
353 73
473 73
454 72
477 72
114 71
89 70
100 70
162 70
365 68
52 67
122 67
197 67
481 67
113 65
303 63
378 63
57 61
132 61
64 60
118 60
133 60
88 59
126 58
187 58
236 58
315 58
44 57
265 57
277 57
404 57
210 56
318 56
321 56
436 56
438 56
121 55
238 55
319 55
414 55
444 55
158 54
201 54
396 54
159 53
128 52
168 52
175 52
390 52
89 51
26 50
107 50
247 50
87 49
165 49
253 49
434 49
112 48
408 48
442 46
314 45
329 45
481 45
6 44
89 44
280 44
282 44
334 44
387 44
397 44
440 44
51 43
461 43
273 42
374 42
69 41
285 41
16 40
26 40
325 39
337 39
432 39
247 38
408 38
49 36
107 35
250 35
258 35
263 35
24 34
102 33
184 33
216 32
100 31
254 31
27 30
58 30
218 30
449 29
41 28
183 28
367 28
440 28
412 27
103 26
384 26
100 25
211 25
285 25
400 25
58 24
99 24
260 24
105 23
136 23
307 23
422 23
86 22
156 22
215 22
255 22
332 22
4 21
108 21
184 21
308 21
313 21
338 21
356 21
280 20
420 20
434 20
66 19
166 19
282 19
296 19
81 18
130 18
335 18
360 18
455 18
62 17
332 17
390 17
426 17
367 16
424 16
131 15
145 15
320 15
23 14
96 14
219 14
214 13
399 13
471 13
491 13
50 12
75 12
273 12
278 11
475 11
104 10
303 10
484 10
286 9
446 9
196 8
459 8
479 8
40 7
194 7
333 7
9 6
315 6
210 5
485 5
7 4
2 2
334 2
460 2
25 1
58 1
194 1
333 1
338 1
365 1
90 0
106 0
114 0
144 0
153 0
239 0
297 0
