15
250
350 98
439 98
271 97
295 97
364 97
415 97
466 97
132 96
193 96
249 96
462 96
77 95
321 95
364 95
436 95
438 95
162 94
221 94
172 93
249 93
419 93
53 92
91 92
264 92
286 92
75 91
393 91
428 91
430 91
16 90
60 90
140 90
166 90
169 90
377 90
432 89
43 88
144 88
189 88
196 88
237 86
324 86
353 86
246 85
199 83
311 83
24 82
76 82
91 82
120 82
383 82
53 81
442 81
462 81
312 80
489 79
60 78
315 78
68 77
467 76
65 75
109 75
341 75
345 75
346 75
297 74
19 71
142 71
260 71
416 71
494 71
266 70
398 70
251 69
342 68
382 68
454 68
34 67
86 67
269 67
195 65
273 65
186 64
235 64
374 64
436 64
277 63
36 62
343 62
447 62
98 61
170 61
325 61
214 59
354 59
441 59
458 59
35 58
117 58
141 58
236 58
176 57
467 57
331 56
352 56
17 55
189 55
198 55
343 55
115 54
264 54
115 53
432 53
488 53
4 52
179 52
410 52
39 51
457 51
55 50
153 50
398 50
409 50
426 50
437 50
498 50
236 49
359 49
414 49
222 48
280 48
333 48
411 46
457 46
42 45
128 45
14 44
81 44
234 44
361 44
499 44
232 43
264 43
291 43
252 42
300 42
443 41
100 40
258 40
148 39
235 39
411 39
15 38
112 38
146 38
440 38
24 37
89 37
359 37
407 37
465 37
237 36
359 36
424 36
398 35
117 34
318 34
402 34
234 33
270 33
391 33
143 32
469 32
65 31
149 31
182 31
240 31
434 31
289 30
309 30
315 30
327 30
410 30
245 29
205 27
373 27
97 26
388 26
493 26
70 25
219 25
38 24
128 24
192 24
242 24
477 24
454 23
41 22
265 22
288 22
341 22
365 22
318 21
447 21
50 20
339 19
85 18
397 18
179 17
326 17
334 17
38 16
280 16
406 15
426 15
399 14
12 13
149 13
376 13
346 12
146 11
66 10
106 10
115 10
126 10
411 10
263 9
360 9
421 9
499 9
19 7
139 7
191 7
403 7
34 6
96 6
243 5
343 5
284 4
400 4
461 4
84 3
34 2
69 2
202 2
293 2
83 1
197 1
382 1
402 1
