15
250
93 99
410 99
13 98
247 98
286 98
321 98
349 98
371 98
120 97
349 97
134 96
302 96
266 95
337 95
388 95
248 94
297 94
496 94
373 93
402 93
421 93
128 92
216 92
436 92
38 91
186 91
252 91
357 91
498 91
186 90
403 90
451 89
19 88
278 88
346 88
111 87
145 87
216 87
455 87
425 86
39 84
416 84
479 84
40 83
217 83
247 82
45 81
209 81
111 79
293 79
9 78
40 78
163 78
283 78
412 78
434 78
12 77
57 77
496 77
113 76
187 76
331 76
92 75
485 75
90 74
110 74
200 73
279 73
387 73
197 72
243 72
263 72
469 72
387 71
444 71
95 70
401 70
370 69
475 69
477 69
447 68
361 67
383 67
448 67
95 66
108 66
399 66
351 65
363 65
412 65
453 65
41 64
240 64
405 64
445 64
457 64
37 62
175 62
167 61
171 61
335 61
135 60
161 60
420 60
161 59
256 59
461 58
11 57
144 57
170 57
323 57
46 56
87 56
116 56
267 56
118 55
274 55
471 55
160 54
356 54
133 53
300 53
184 52
344 51
438 51
19 50
90 50
316 50
447 50
68 49
88 49
234 49
13 48
243 47
340 47
347 47
53 46
143 46
147 46
156 46
394 46
110 45
193 45
273 45
459 45
113 44
320 44
328 44
394 44
333 43
55 42
167 42
57 41
103 41
320 41
361 41
368 41
32 40
32 40
342 40
451 40
44 39
95 39
194 39
333 39
340 38
278 37
339 36
435 36
193 35
399 35
343 34
416 34
10 33
54 33
80 32
166 32
137 31
369 31
37 30
58 30
218 30
341 30
151 29
250 29
49 28
121 28
251 28
321 28
116 27
186 27
372 27
138 26
260 26
331 26
121 25
439 25
443 25
86 24
261 24
360 23
463 23
287 22
463 22
62 21
220 21
333 21
63 20
130 20
336 20
76 19
252 19
147 18
262 18
10 17
99 17
418 17
159 16
197 16
211 16
355 16
133 15
264 15
273 15
352 15
46 14
56 14
355 14
385 14
119 13
398 12
468 12
13 11
87 11
139 11
181 8
489 8
57 6
345 5
125 4
249 4
31 3
123 1
173 1
272 1
341 1
331 0
405 0
438 0
461 0
