15
250
154 99
185 99
199 99
300 99
252 98
352 98
61 97
381 97
470 97
71 96
335 96
264 95
344 94
489 94
299 92
160 91
323 91
328 91
385 91
117 90
294 90
341 90
345 90
408 90
426 90
108 89
297 89
200 88
215 86
102 84
401 84
20 83
165 83
280 83
48 82
104 82
151 82
46 81
331 81
346 81
357 80
76 79
206 79
215 79
337 79
79 78
124 78
227 78
75 77
362 77
109 76
223 76
42 75
396 75
309 74
24 73
329 73
352 73
345 72
394 72
91 71
219 71
351 71
75 70
386 70
400 70
128 69
137 69
253 69
338 69
345 69
423 69
463 69
34 68
67 68
283 67
308 67
328 67
444 67
484 67
36 66
203 66
319 66
352 66
352 66
413 66
447 66
3 65
157 65
232 65
473 65
97 64
305 64
364 64
293 63
232 62
343 62
162 61
218 61
309 61
394 61
461 61
164 60
195 60
281 60
310 60
327 60
8 59
81 59
418 59
479 58
173 57
365 57
485 57
95 55
165 55
71 54
164 54
291 54
316 54
342 54
74 53
223 53
83 52
463 52
485 52
116 51
194 51
273 51
483 51
62 50
346 50
474 50
381 49
95 48
259 48
368 48
460 48
77 47
132 47
117 46
12 45
80 45
379 45
128 44
351 44
148 43
298 43
456 43
19 42
146 42
256 42
27 41
140 41
281 41
289 41
449 41
460 41
188 39
205 39
242 39
278 39
334 39
418 38
297 36
456 36
10 35
123 35
251 35
252 35
271 35
322 35
496 35
82 34
348 34
46 33
152 33
469 33
319 32
466 31
248 30
388 30
406 30
42 29
112 29
144 29
202 29
214 29
254 29
466 29
208 28
350 27
421 27
2 26
93 25
402 25
306 24
133 23
140 23
392 23
99 22
81 21
298 21
328 21
218 20
241 20
416 20
53 19
71 19
80 19
104 19
150 19
162 19
214 19
304 19
361 19
30 18
281 18
334 18
163 17
300 17
347 17
74 15
47 14
85 14
164 14
347 13
88 12
309 12
398 12
22 11
27 11
207 11
86 10
145 10
204 10
345 10
223 9
93 8
94 7
305 6
3 5
212 5
275 5
73 4
82 4
318 4
476 4
330 3
320 2
