15
250
165 99
381 99
396 99
332 98
53 97
124 97
413 97
447 97
463 97
263 96
438 96
186 95
440 95
443 95
10 94
196 94
490 94
77 93
358 93
58 92
69 92
110 92
280 92
243 91
331 91
485 91
174 90
230 90
319 90
422 89
218 88
81 86
89 86
134 86
135 85
197 85
394 85
499 85
49 84
50 84
84 84
135 83
262 83
448 83
73 82
263 81
50 80
176 80
313 80
458 80
142 79
232 79
90 78
146 78
204 78
271 78
71 76
250 76
164 75
431 75
494 75
4 74
300 74
345 74
147 73
260 73
457 73
97 72
98 72
137 72
238 71
247 71
327 71
389 71
447 71
462 71
43 70
127 70
418 70
252 69
457 69
185 68
418 68
39 67
59 67
63 67
205 67
320 67
102 66
160 66
355 66
384 66
199 65
264 65
108 64
140 64
164 63
255 62
407 62
120 61
325 61
456 61
257 59
447 59
264 58
287 58
24 57
168 57
241 57
0 56
129 56
131 56
12 55
75 55
397 55
25 54
29 54
60 54
95 54
98 54
132 53
165 53
273 53
155 52
15 51
180 51
192 51
195 51
273 51
286 50
389 49
404 49
45 48
60 48
258 48
368 48
110 47
59 46
125 46
342 46
9 45
90 45
406 45
112 44
4 43
368 43
105 42
108 42
175 42
149 41
275 41
127 40
284 40
125 39
405 39
227 38
417 36
44 35
259 35
369 35
394 35
77 34
56 33
142 33
264 33
221 32
28 31
166 31
271 31
31 30
64 30
164 30
197 30
197 30
50 29
268 29
461 29
207 28
210 28
252 28
314 28
455 28
480 28
283 27
368 27
434 26
184 24
1 23
370 23
386 23
98 22
160 21
196 21
173 20
311 20
404 20
76 19
76 19
111 19
256 19
479 19
342 17
22 16
90 16
239 16
126 15
140 15
247 15
254 15
385 15
56 14
161 14
27 13
54 13
72 13
234 13
292 13
419 13
123 12
462 12
87 11
322 11
160 10
180 10
325 10
461 10
32 8
131 8
284 8
383 8
195 7
254 7
37 6
80 6
145 6
380 6
415 6
15 5
88 5
337 5
70 4
171 4
31 3
218 3
1 2
284 2
373 2
472 2
167 1
370 1
