15
250
447 99
141 98
107 97
209 97
205 96
344 96
488 96
212 95
228 93
287 93
321 93
398 93
138 92
196 92
235 92
286 92
213 91
217 91
383 91
426 91
427 91
460 91
499 91
164 90
280 90
348 90
269 89
331 89
408 88
5 87
174 87
421 87
313 85
472 85
75 84
352 83
437 83
451 83
454 83
220 82
287 82
433 82
119 81
133 81
142 81
287 81
37 79
100 79
479 78
38 77
64 77
93 77
179 77
215 77
77 76
55 75
171 75
347 75
436 74
138 73
416 73
485 73
491 73
129 71
393 71
206 70
269 70
358 70
110 69
136 69
427 69
18 68
331 68
74 67
165 67
255 67
272 67
112 66
297 66
437 66
308 65
447 65
160 64
458 64
211 63
384 63
2 62
207 62
416 62
495 62
7 60
122 60
400 60
78 58
24 57
359 57
421 57
24 56
399 56
440 56
138 55
301 55
409 55
36 54
162 54
335 54
467 54
98 53
344 53
181 52
231 52
236 52
497 52
131 51
138 50
167 49
260 49
319 49
344 49
183 48
303 48
448 48
161 47
186 47
349 47
175 46
309 46
375 46
485 46
369 45
387 45
452 45
467 45
480 45
51 44
142 44
214 44
486 44
85 43
136 43
395 42
402 42
404 42
463 42
481 41
63 40
428 40
444 40
465 40
106 39
482 39
355 38
40 37
127 37
210 37
473 37
489 37
437 36
31 35
82 35
299 34
388 34
58 33
157 33
268 33
384 33
420 33
140 32
172 32
352 32
239 30
463 30
110 29
296 29
492 29
205 28
227 28
2 27
56 27
69 27
194 27
280 27
393 27
491 27
36 26
40 26
41 26
178 25
34 24
201 24
284 24
449 24
486 24
109 23
498 23
2 22
18 22
113 22
175 22
185 22
329 22
384 22
154 21
399 21
427 21
155 20
256 20
284 20
265 19
301 18
58 17
207 17
299 17
301 17
381 17
196 16
192 15
90 14
248 14
415 14
379 13
425 13
481 13
495 13
38 12
210 12
216 12
65 11
36 10
120 10
362 10
384 10
336 9
235 7
408 7
24 6
191 6
194 6
389 5
390 5
220 4
261 4
424 4
498 4
133 3
217 2
459 2
41 1
1 0
412 0
