15
250
59 99
257 99
421 99
121 98
161 98
203 98
2 97
75 97
139 97
161 97
268 96
336 96
356 96
358 96
254 95
343 95
417 95
465 95
142 94
200 93
328 93
365 93
391 93
475 93
139 92
145 92
158 92
367 92
381 92
401 92
351 91
32 90
369 90
423 90
219 89
429 89
37 88
156 88
393 88
408 87
117 86
141 86
408 86
476 85
215 84
342 84
208 83
220 83
34 82
219 82
253 82
352 82
217 81
349 81
351 81
121 80
151 80
287 80
407 80
83 79
210 79
279 79
94 78
254 78
377 78
460 78
483 78
164 77
198 77
186 76
290 76
384 75
493 75
48 74
198 73
96 72
68 71
57 70
71 70
423 70
215 69
284 69
187 68
201 68
288 68
364 68
414 68
166 67
180 67
192 67
164 66
209 66
255 66
345 66
370 66
468 65
5 64
465 64
10 63
50 63
86 63
197 63
324 63
163 62
49 61
315 61
107 60
361 60
174 58
477 57
62 56
131 56
395 56
127 55
194 55
82 54
190 54
382 54
447 54
354 53
358 52
474 52
162 51
180 51
414 51
437 51
162 50
169 50
214 50
354 50
403 49
415 49
22 48
333 48
218 47
272 47
99 46
147 46
384 46
182 44
187 44
264 44
408 44
3 43
243 43
355 43
55 42
178 42
215 41
425 41
368 40
209 39
254 39
489 39
154 38
212 38
249 38
403 38
58 37
96 37
201 37
285 37
394 36
406 35
34 34
484 33
496 33
170 32
214 32
499 32
244 31
126 30
199 30
366 30
22 29
315 29
46 28
287 28
44 27
342 27
92 26
185 26
408 26
6 25
37 25
365 25
490 25
320 24
456 24
68 23
168 22
272 22
287 22
296 22
297 22
345 22
451 22
183 21
33 20
4 18
207 18
209 18
365 18
486 18
260 17
464 17
17 16
27 16
340 15
416 15
281 14
335 14
301 13
302 13
145 12
185 12
371 12
473 12
40 11
54 11
74 11
168 11
396 10
426 10
487 10
180 9
196 9
76 8
244 8
450 8
117 7
422 7
55 6
311 6
471 6
120 5
342 4
460 4
488 4
53 2
191 2
249 2
395 2
191 1
196 1
210 1
274 1
29 0
230 0
322 0
