22
500
370 99
431 99
494 99
46 98
51 98
114 98
223 98
15 97
123 97
295 97
317 97
328 97
379 97
386 97
458 97
5 96
74 96
178 96
320 96
145 95
260 95
393 95
404 95
421 95
484 95
255 94
293 94
297 94
401 94
442 94
29 93
104 93
205 93
341 93
341 93
353 93
467 93
475 93
69 92
83 92
298 92
104 91
189 91
209 91
241 91
270 91
275 91
291 91
357 91
18 90
69 90
85 90
208 90
241 90
285 90
9 89
28 89
268 89
328 89
411 89
493 89
28 88
32 88
54 88
299 88
321 88
338 88
361 88
412 88
444 88
29 87
52 87
124 87
198 87
392 87
458 87
14 86
21 86
61 86
80 86
225 86
320 86
134 85
160 85
253 85
254 85
329 85
371 85
247 84
238 83
287 83
364 83
454 83
485 83
22 82
41 82
263 82
296 82
305 82
477 82
31 81
94 81
117 81
189 81
276 81
303 81
315 81
454 81
487 81
12 80
58 80
160 80
222 80
240 80
265 80
289 80
292 80
302 80
361 80
362 80
383 80
48 79
105 79
145 79
183 79
195 79
261 79
309 79
387 79
464 79
471 79
285 78
380 78
429 78
34 77
173 77
323 77
392 77
453 77
35 76
40 76
63 76
156 76
188 76
238 76
321 76
109 75
119 75
220 75
355 75
424 75
466 75
290 74
420 74
496 74
305 73
324 73
399 73
400 73
162 72
262 72
272 72
298 72
306 72
351 72
476 72
103 71
119 71
131 71
151 71
294 71
359 70
381 70
465 70
480 70
216 69
301 69
320 69
348 69
384 69
402 69
405 69
463 69
149 68
157 68
385 68
403 68
497 68
172 67
311 67
392 67
442 67
217 66
264 66
275 66
283 66
434 66
178 65
237 65
259 65
302 65
8 64
152 64
180 64
261 64
240 63
13 62
71 62
372 62
405 62
450 62
495 62
30 61
69 61
157 61
234 61
242 61
336 61
497 61
11 60
46 60
131 60
255 60
327 60
60 59
168 59
355 59
125 58
224 58
260 58
338 58
471 58
66 57
111 57
224 57
319 57
435 57
489 57
42 56
253 56
61 55
356 55
378 55
2 54
49 54
150 54
217 54
264 54
35 53
105 53
314 53
351 53
405 53
188 52
305 52
361 52
427 52
451 52
467 52
262 51
441 50
121 49
132 49
216 49
455 49
467 49
85 48
323 48
475 48
79 47
123 47
194 47
387 47
388 47
498 47
12 46
28 46
231 46
293 46
262 45
286 45
300 45
429 45
26 44
331 44
426 44
476 44
64 43
191 43
197 43
220 43
245 43
285 43
354 43
377 43
83 42
390 42
409 42
470 42
488 42
67 41
162 41
368 41
425 41
4 40
201 40
38 39
56 39
73 39
108 39
217 39
161 38
168 38
320 38
411 38
416 38
41 37
109 37
158 37
158 37
219 37
370 37
405 37
280 36
347 36
376 36
423 36
460 36
11 35
42 35
90 35
122 35
285 35
285 35
439 35
479 35
21 34
107 34
221 34
289 34
307 34
377 34
104 33
165 33
423 33
447 33
475 33
494 33
51 32
137 32
137 32
450 32
451 32
472 32
50 31
225 31
313 31
21 30
24 30
26 30
87 30
119 30
168 30
218 30
231 30
297 30
373 30
427 30
147 29
488 29
45 28
82 28
283 28
264 27
289 27
349 27
451 27
456 27
286 26
409 26
35 25
106 25
109 25
142 25
172 25
256 25
350 25
384 25
384 25
173 24
275 24
295 24
436 24
77 23
361 23
86 22
150 22
330 22
27 21
112 21
161 21
202 21
405 21
432 21
494 21
17 20
256 20
275 20
458 20
473 20
476 20
476 20
378 19
417 19
430 19
443 19
430 18
74 17
152 17
482 17
298 16
53 15
187 15
195 15
254 15
264 15
272 15
384 15
389 15
14 14
142 14
307 14
428 14
489 14
24 13
272 13
348 13
397 13
438 13
290 12
348 12
447 12
473 12
102 11
107 11
233 11
353 11
112 10
314 10
314 10
384 10
74 9
287 9
334 9
403 9
421 9
465 9
477 9
127 8
138 7
188 7
219 7
277 7
367 7
379 7
470 7
485 7
61 6
211 6
284 6
337 6
378 6
415 6
426 6
460 6
199 5
252 5
277 5
382 5
314 4
374 4
466 4
472 4
349 3
369 3
75 2
137 2
145 2
280 2
388 2
405 2
468 2
54 1
229 1
249 1
257 1
289 1
304 1
96 0
208 0
