22
500
25 99
184 99
219 99
360 99
68 98
120 98
496 98
41 97
110 97
171 97
255 97
310 97
380 97
446 97
133 96
211 96
414 96
1 95
98 95
162 95
17 94
89 94
119 94
312 94
440 94
449 94
204 93
378 93
55 92
386 92
420 92
67 91
77 91
120 91
184 91
224 91
273 91
310 91
395 91
276 90
51 89
287 89
414 89
31 88
157 88
262 88
379 88
406 88
476 88
219 87
269 87
427 87
478 87
487 87
499 87
254 86
140 85
180 85
265 85
312 85
375 85
405 85
441 85
24 84
150 84
348 84
351 84
422 84
459 84
133 83
179 83
223 83
286 83
298 83
308 83
437 83
490 83
421 82
72 81
167 81
458 81
109 80
209 80
136 79
189 79
330 79
361 79
2 78
24 78
25 78
53 78
148 78
255 78
341 78
158 77
209 77
265 77
271 77
424 77
430 77
466 77
469 77
38 76
458 76
48 75
154 75
203 75
211 75
240 75
271 75
319 75
477 75
18 74
32 74
376 74
441 74
113 73
134 73
468 73
498 73
112 72
157 72
209 72
287 72
463 72
466 72
482 72
19 71
472 71
34 69
122 69
187 69
240 69
298 69
341 69
357 69
365 69
402 69
422 69
441 69
141 68
171 68
202 68
281 68
365 68
498 68
234 67
258 67
304 67
367 67
395 67
403 67
411 67
71 66
118 66
158 66
195 66
325 66
359 66
384 66
393 66
420 66
431 66
487 66
45 65
57 65
204 65
212 65
310 65
312 65
381 65
6 64
11 64
31 64
93 64
148 64
272 64
323 64
454 64
491 64
168 63
277 63
424 63
89 62
127 62
211 62
242 62
306 61
377 61
468 61
251 60
263 60
373 60
395 60
397 60
33 59
99 59
280 59
349 59
367 59
485 59
47 58
119 58
489 58
46 57
92 57
172 57
331 57
416 57
185 56
378 56
142 55
250 55
268 55
360 55
383 55
421 55
4 54
39 53
263 53
490 53
123 52
144 52
325 52
420 52
52 51
178 51
187 51
259 51
281 51
489 51
1 50
129 50
146 50
218 49
269 49
381 49
385 49
441 49
474 49
495 49
117 48
263 48
48 47
75 47
106 47
259 47
262 47
294 47
418 47
154 46
156 46
163 46
279 46
308 46
390 46
401 46
433 46
15 45
17 45
115 45
338 45
372 45
478 45
485 45
209 44
241 44
282 44
444 44
483 44
33 43
231 43
253 43
267 43
284 43
433 43
461 43
479 43
86 42
152 42
208 42
279 42
374 42
395 42
36 41
61 41
106 41
111 41
117 41
151 41
186 41
336 41
427 41
490 41
11 40
285 40
312 40
66 39
125 39
138 39
301 39
140 38
214 38
249 38
468 37
77 36
125 36
227 36
340 36
400 36
417 36
150 35
192 35
275 35
482 35
23 34
55 34
211 34
418 34
0 33
6 33
208 33
228 33
285 33
339 33
367 33
37 32
294 32
318 32
409 32
37 31
119 31
121 31
169 31
259 31
264 31
347 31
452 31
455 31
30 30
55 30
159 30
166 30
168 30
241 30
276 30
378 30
435 30
439 30
121 29
152 29
199 29
234 29
490 29
14 28
294 28
9 27
141 27
146 27
188 27
338 27
410 27
84 26
91 26
113 26
191 26
406 26
127 25
207 25
249 25
294 25
343 25
344 25
423 25
464 25
475 25
498 25
24 24
24 24
58 24
224 24
290 24
481 24
143 23
221 23
291 23
418 23
468 23
143 22
315 22
79 21
193 21
219 21
369 21
370 21
86 20
139 20
393 20
405 20
418 20
8 19
19 19
32 19
40 19
92 19
251 19
265 19
382 19
457 19
463 19
134 18
255 18
290 18
331 18
344 18
360 18
485 18
2 17
15 17
195 17
367 17
368 17
375 17
377 17
115 16
215 16
254 16
182 15
194 15
318 15
336 15
480 15
191 14
302 14
419 14
129 13
309 13
322 13
401 13
65 12
84 12
174 12
257 12
278 12
385 12
87 11
118 11
204 11
232 11
252 11
295 11
381 11
87 10
374 10
409 10
128 9
163 9
369 9
439 9
48 8
135 8
271 8
373 7
401 7
486 7
494 7
30 6
102 6
248 6
482 6
99 5
101 5
115 5
251 5
386 5
387 5
44 4
406 4
491 4
498 4
0 3
199 3
58 2
178 2
364 2
444 2
483 2
110 1
115 1
224 1
275 1
368 1
478 1
481 1
79 0
183 0
241 0
298 0
356 0
358 0
