22
500
127 99
140 99
340 99
435 98
267 97
328 97
280 96
283 96
13 95
209 95
260 95
188 94
362 94
401 94
485 94
40 93
159 93
227 93
287 93
312 93
378 93
410 93
415 93
38 92
41 92
106 92
244 92
401 92
8 91
81 91
195 91
209 91
232 91
303 91
381 91
481 91
46 90
63 90
156 90
199 90
233 90
370 90
426 90
10 89
62 89
171 89
374 89
381 89
8 88
34 88
114 88
134 88
135 88
245 88
361 88
497 88
95 87
398 87
441 87
498 87
498 87
10 86
70 86
208 86
111 85
119 85
134 85
218 85
451 85
90 84
161 84
213 84
306 84
447 84
498 84
95 83
176 83
301 83
343 83
350 83
377 83
363 82
471 82
83 81
286 81
311 81
36 80
103 80
158 79
353 79
389 79
412 79
51 78
66 78
157 78
359 78
475 78
21 77
38 77
8 76
14 76
14 76
164 76
291 76
424 76
23 75
296 75
339 75
383 75
403 75
134 74
240 74
258 74
313 74
430 74
489 74
38 73
47 73
115 73
126 73
140 73
216 73
240 73
341 73
114 72
118 72
234 72
385 72
440 72
448 72
97 71
158 71
337 71
408 71
423 71
273 70
408 70
133 69
151 69
157 69
275 69
277 69
104 68
169 68
319 68
376 68
233 67
260 67
329 67
348 67
485 67
9 66
106 66
340 66
448 66
34 65
84 65
196 65
286 65
318 65
323 65
350 65
355 65
357 65
72 64
219 64
340 64
346 64
357 64
360 64
441 64
106 63
162 63
404 63
141 62
158 62
415 62
52 61
158 61
419 61
456 61
474 61
211 60
402 60
491 60
24 59
69 59
87 59
256 59
321 59
344 59
151 58
270 58
482 58
205 57
3 56
51 56
408 56
213 55
256 55
377 55
466 55
28 54
77 54
199 54
268 54
380 54
392 54
406 54
493 54
45 53
205 53
239 53
326 53
102 52
375 52
44 51
134 51
177 51
451 51
480 51
221 50
304 50
458 50
479 50
232 49
278 49
0 48
41 48
45 48
233 48
381 48
462 48
37 47
146 47
170 47
365 47
435 47
437 47
483 47
7 46
16 46
96 46
254 46
301 46
409 46
439 46
483 46
491 46
2 45
122 45
135 45
463 45
22 44
76 44
79 44
85 44
99 44
194 44
383 44
479 44
9 43
40 43
122 43
125 43
230 43
289 43
310 43
258 42
430 42
488 42
216 41
10 40
173 40
199 40
236 40
334 40
399 40
482 40
143 39
252 39
257 39
319 39
341 39
356 39
370 39
428 39
448 39
19 38
100 38
317 38
329 38
380 38
115 37
204 37
338 37
343 37
402 37
451 37
480 37
282 36
381 36
111 35
162 35
256 35
399 35
484 35
492 35
81 34
155 34
461 34
479 34
139 33
225 33
262 33
366 33
458 33
492 33
112 32
216 32
229 32
237 32
273 32
282 32
358 32
411 32
40 31
41 31
48 31
327 31
390 31
438 31
36 30
266 30
15 29
305 29
407 29
464 29
471 29
486 29
74 28
86 28
108 28
186 28
409 28
431 28
440 28
476 28
67 27
219 27
290 27
447 27
0 26
22 26
27 26
48 26
207 26
418 26
437 26
486 26
40 25
118 25
123 25
213 25
248 25
278 25
472 25
20 24
277 24
86 23
159 23
268 23
323 23
468 23
485 23
132 22
287 22
471 22
3 21
212 21
27 20
60 20
92 20
137 20
295 20
446 20
84 19
163 19
233 19
281 18
284 18
426 18
463 18
10 17
88 17
107 17
143 17
188 17
192 17
216 17
306 17
325 17
332 17
250 16
334 16
371 16
33 15
278 14
312 14
29 13
34 13
35 13
228 13
336 13
364 13
80 12
107 12
141 12
264 12
264 12
345 12
381 12
451 12
469 12
2 11
83 11
196 11
204 11
361 11
422 11
18 10
75 10
171 10
194 10
242 10
296 10
313 10
321 10
321 10
369 10
417 10
439 10
244 9
266 9
270 9
284 9
343 9
382 9
420 9
427 9
447 9
449 9
467 9
471 9
485 9
71 8
305 8
358 8
410 8
413 8
15 7
140 7
246 7
254 7
283 7
372 7
166 6
193 6
211 6
225 6
334 6
350 6
374 6
443 6
88 5
233 5
331 5
445 5
436 4
453 4
31 3
65 3
136 3
228 3
421 3
12 2
142 2
320 2
383 2
392 2
2 1
159 1
406 1
465 1
39 0
80 0
267 0
353 0
371 0
403 0
