22
500
4 99
127 99
242 99
251 99
209 98
232 98
11 97
177 97
185 97
190 97
271 97
287 97
390 97
433 97
465 97
61 96
95 96
383 96
438 96
134 95
182 95
187 95
257 95
333 95
351 95
98 94
200 94
395 94
46 93
116 93
210 93
313 93
28 92
74 92
459 92
459 92
336 91
96 90
296 90
398 90
400 90
182 89
342 89
364 89
400 89
434 89
437 89
461 89
470 89
31 88
148 88
256 88
308 88
484 88
14 87
31 87
41 87
122 87
282 87
292 87
57 86
201 86
404 86
408 86
149 85
179 85
195 85
312 85
318 85
6 84
35 84
168 84
373 84
218 83
270 83
340 83
379 83
212 82
275 82
43 81
171 81
200 81
81 80
249 80
249 80
466 80
322 79
27 78
48 78
114 77
231 77
359 77
390 77
451 77
2 76
5 76
53 76
120 76
205 76
213 76
232 76
17 75
64 75
219 75
65 74
120 74
154 74
305 74
331 74
118 73
193 73
342 73
417 73
424 73
4 72
189 72
218 72
252 72
333 72
342 72
360 72
430 72
60 71
87 71
280 71
287 71
416 71
475 71
489 71
78 70
96 70
153 70
166 70
174 70
197 70
269 70
291 70
333 70
465 70
78 69
156 69
483 69
72 68
176 68
287 68
347 68
245 67
276 67
313 67
330 67
363 67
406 67
439 67
467 67
483 67
491 67
64 66
143 66
266 66
329 66
387 66
424 66
433 66
84 65
139 65
140 65
185 65
210 65
232 64
265 64
100 63
166 63
224 63
486 63
105 62
250 62
263 62
330 62
59 61
63 61
65 61
125 61
160 61
248 61
307 61
333 61
349 61
498 61
8 60
152 60
301 60
378 60
489 60
311 59
353 59
55 58
68 58
179 58
185 58
259 58
300 58
340 58
351 58
370 58
441 58
472 58
472 58
482 58
158 57
410 57
476 57
490 57
207 56
360 56
370 56
449 56
451 56
487 56
143 55
156 55
199 55
223 55
266 55
314 55
448 55
465 55
38 54
65 54
141 54
317 54
330 54
341 54
347 54
404 54
410 54
479 54
94 53
102 53
215 53
472 53
486 53
9 52
59 52
108 52
186 52
372 52
298 51
364 51
422 51
475 51
151 50
184 50
127 49
133 49
250 49
461 49
295 48
497 48
60 47
183 47
386 47
423 47
266 46
61 45
248 45
253 45
351 45
372 45
396 45
462 45
87 44
264 44
361 44
413 44
53 43
111 43
260 43
315 43
331 43
387 43
471 43
143 42
237 42
246 42
266 42
462 42
60 41
118 41
149 41
218 41
233 41
296 41
430 41
446 41
460 41
28 40
249 40
299 40
304 40
256 39
93 38
136 38
213 38
420 38
422 38
259 37
474 37
52 36
69 36
203 36
243 35
324 35
392 35
424 35
23 34
83 34
85 34
92 34
275 34
329 34
352 34
47 33
95 33
129 33
253 33
256 33
312 33
467 33
469 33
475 33
182 32
208 32
395 32
482 32
497 32
73 31
83 31
135 31
135 31
164 31
311 31
323 31
326 31
365 31
384 31
401 31
489 31
60 30
398 30
417 30
23 29
24 29
69 29
132 29
192 29
290 29
302 29
308 29
313 29
456 29
461 29
7 28
69 28
140 28
247 28
270 28
277 28
291 28
393 28
425 28
215 27
365 27
380 27
386 27
393 27
396 27
279 26
437 26
461 26
466 26
117 25
132 25
158 25
30 24
125 24
131 24
197 24
209 24
282 24
466 24
490 24
52 23
123 23
132 23
164 23
294 23
357 23
456 23
382 22
446 22
61 21
288 21
409 21
418 21
88 20
147 20
69 19
172 19
302 19
432 19
65 18
195 18
396 18
427 18
431 18
37 17
177 17
205 17
310 17
495 17
104 16
220 16
247 16
290 16
348 16
393 16
494 16
31 15
35 15
52 15
157 15
193 15
272 15
293 15
317 15
351 15
5 14
244 14
389 14
391 14
13 13
180 13
444 13
486 13
493 13
8 12
53 12
192 12
231 12
324 12
348 12
390 12
465 12
52 11
150 11
353 11
358 11
85 10
306 10
389 10
465 10
15 9
137 9
359 9
190 8
418 8
171 7
368 7
19 6
26 6
183 6
380 6
407 6
101 5
138 5
416 5
29 4
61 4
294 4
308 4
327 4
417 4
29 3
45 3
128 3
271 3
331 3
376 3
28 2
108 2
150 2
196 2
242 2
415 2
475 2
16 1
139 1
200 1
250 0
329 0
