22
500
115 99
171 99
359 99
8 98
147 98
389 98
419 98
141 97
339 97
420 97
140 96
235 96
400 96
416 96
490 96
498 96
27 95
249 95
301 95
311 95
172 94
244 94
134 93
139 93
253 93
314 93
323 93
393 93
435 93
439 93
466 93
9 92
242 92
327 92
257 91
286 91
287 91
397 91
498 91
97 90
231 90
335 90
475 90
39 89
118 89
131 89
336 89
450 89
470 89
322 88
32 87
33 87
192 87
217 87
235 87
288 87
50 86
206 86
213 86
280 86
371 86
32 85
50 85
349 85
372 85
409 85
455 85
473 85
157 84
159 84
420 84
445 84
471 84
134 83
226 83
257 83
277 83
285 83
36 82
43 82
440 82
80 81
96 81
172 81
331 81
348 81
365 81
366 81
414 81
466 81
494 81
102 80
103 80
164 80
242 80
275 80
413 80
453 80
88 79
126 79
203 79
279 79
314 79
404 79
418 79
461 79
28 78
43 77
298 77
320 77
411 77
82 76
301 76
348 76
376 75
172 74
241 74
379 74
451 74
425 73
38 72
118 72
219 72
316 72
430 72
457 72
87 71
132 71
148 71
169 71
247 71
323 71
27 70
35 70
36 70
73 70
94 70
170 70
227 70
391 70
415 70
452 70
29 69
84 69
91 69
193 69
367 69
143 68
224 68
301 68
456 68
168 67
200 67
252 67
271 67
494 67
45 66
68 66
126 66
179 66
21 65
145 65
156 65
181 65
318 65
482 65
6 64
7 64
122 64
154 64
233 64
324 64
338 64
355 64
458 64
50 62
65 62
369 62
396 62
476 62
496 62
217 61
439 61
150 60
230 60
252 60
348 60
73 59
75 59
208 59
246 59
252 59
278 59
352 59
162 58
299 58
327 58
1 57
113 57
253 57
272 57
334 57
484 57
217 56
236 56
263 56
291 56
480 56
94 55
187 55
255 55
301 55
321 55
364 55
451 55
456 55
484 55
37 54
362 54
397 54
426 54
191 53
225 53
271 53
175 52
232 52
251 52
277 52
396 52
403 52
59 51
111 51
115 51
169 51
204 51
286 51
366 51
383 51
442 51
444 51
11 50
44 50
130 50
143 50
210 50
346 50
444 50
0 49
5 49
42 49
42 49
119 49
275 49
279 49
317 49
380 49
433 49
80 48
115 48
220 48
271 48
346 48
7 47
149 47
171 47
245 47
271 47
303 47
487 47
37 46
90 46
115 46
345 46
446 46
55 45
104 45
185 45
285 44
397 44
452 44
134 43
134 43
426 43
431 43
450 43
461 43
465 43
54 42
170 42
210 42
473 42
18 41
107 41
234 41
414 41
420 41
29 40
203 40
330 40
409 40
50 39
218 39
308 39
435 39
41 38
258 38
353 38
398 38
406 38
488 38
14 37
19 37
74 37
83 37
86 37
427 37
437 37
469 37
23 36
58 36
280 36
294 36
306 36
371 36
474 36
71 35
224 35
367 35
410 35
442 35
143 34
367 34
392 34
412 34
425 34
489 34
29 33
85 33
184 33
269 33
290 33
406 33
434 33
26 32
28 32
36 32
179 32
191 32
256 32
304 32
326 32
456 32
467 32
1 31
49 31
63 31
74 31
351 31
358 31
437 31
263 30
282 30
111 29
248 29
258 29
282 29
38 28
114 28
214 28
276 28
356 28
490 28
494 28
42 27
128 27
199 27
383 27
406 27
473 27
478 27
155 26
231 25
6 24
30 24
58 24
304 24
447 24
155 23
157 23
304 23
222 22
416 22
83 21
166 21
359 21
374 21
431 21
268 20
358 20
401 20
75 19
146 19
168 19
199 19
267 19
56 18
163 18
207 18
235 18
337 18
387 18
139 17
148 17
285 17
312 17
316 17
342 17
399 17
201 16
313 16
355 16
390 16
119 15
167 15
371 15
435 15
469 15
176 14
249 14
250 14
329 14
77 13
83 13
123 13
289 13
297 13
441 13
73 12
100 12
173 12
205 12
252 12
290 12
300 12
354 12
392 12
60 11
90 11
96 11
106 11
362 11
448 11
36 10
88 10
354 10
37 9
135 9
190 9
333 9
2 8
138 8
285 8
296 8
478 8
266 7
319 7
379 7
51 6
158 6
201 6
40 5
367 5
411 5
447 5
40 4
216 4
325 4
369 4
436 4
443 4
30 3
306 3
420 3
4 2
44 2
78 2
453 2
488 2
30 1
119 1
154 1
374 1
497 1
45 0
65 0
129 0
173 0
287 0
412 0
442 0
