22
500
23 99
40 99
121 99
145 99
311 99
378 99
447 99
463 99
42 98
131 98
211 98
303 98
403 98
408 98
221 97
269 97
314 97
360 97
468 97
26 96
122 96
262 96
347 96
431 96
497 96
41 95
68 95
207 95
225 95
305 95
325 95
155 94
180 94
247 94
409 94
233 93
423 93
71 92
145 92
179 92
400 92
4 91
39 91
61 91
245 91
499 91
78 90
340 90
59 89
90 89
125 89
195 89
218 89
243 89
245 89
381 89
451 89
48 88
62 88
163 88
278 88
415 88
446 88
467 88
183 87
183 87
225 87
433 87
462 87
208 86
216 86
235 86
238 86
214 85
229 85
290 85
296 85
320 85
386 85
479 85
35 84
360 84
433 84
469 84
13 83
129 83
137 83
178 83
179 83
241 83
420 83
56 82
63 82
286 82
303 82
12 81
256 81
302 81
434 81
447 81
84 80
103 80
283 80
399 80
79 79
179 79
379 79
382 79
402 79
420 79
491 79
40 78
330 78
9 77
46 77
203 77
219 77
347 77
394 77
403 77
437 77
446 77
111 76
176 76
216 76
326 76
418 76
456 76
12 75
151 75
475 75
6 74
92 74
241 74
264 74
356 74
289 73
384 73
70 72
72 72
206 72
257 72
309 72
385 72
470 72
253 71
308 71
464 71
492 71
497 71
109 70
124 70
304 70
403 70
486 70
18 69
258 69
47 68
52 68
105 68
282 68
414 68
425 68
10 67
180 67
304 67
452 67
482 67
13 66
107 66
196 66
344 66
379 66
422 66
492 66
113 65
195 65
244 65
94 64
192 64
217 64
269 64
273 64
344 64
103 63
125 63
131 63
215 63
230 63
319 63
320 63
358 63
380 63
382 63
401 63
488 63
15 62
17 61
24 61
58 61
192 61
259 61
442 61
14 60
24 60
170 60
277 60
343 60
201 59
201 59
237 59
395 59
414 59
465 59
41 58
271 58
297 58
298 58
470 58
42 57
73 57
307 57
319 57
357 57
200 56
460 56
26 55
144 55
270 55
293 55
328 55
457 55
1 54
55 54
55 54
104 54
141 54
264 54
404 54
8 53
20 53
68 53
79 53
150 53
187 53
277 53
354 53
379 53
7 52
8 52
126 52
131 52
159 52
288 52
368 52
50 51
62 51
92 51
284 51
297 51
448 51
471 51
4 50
124 50
245 50
284 50
386 50
475 50
492 50
63 49
81 49
103 49
119 49
167 49
228 49
316 49
476 49
495 49
86 48
152 48
317 48
56 47
130 47
147 47
210 47
306 47
348 47
367 47
380 47
471 47
6 46
28 46
53 46
102 46
141 46
184 46
238 46
285 46
392 46
52 45
181 45
348 45
370 45
400 45
413 45
417 45
110 44
250 44
267 44
327 44
376 44
23 43
67 43
140 43
181 43
255 43
109 42
139 42
154 42
298 41
332 41
93 40
142 40
242 40
279 40
426 40
446 40
21 39
191 39
335 39
337 39
437 39
480 39
496 39
175 38
364 38
443 38
445 38
37 37
156 37
400 37
47 36
145 36
324 36
436 36
91 35
172 35
231 35
278 35
328 35
455 35
239 34
241 34
277 34
29 32
61 32
156 32
245 31
334 31
335 31
25 30
58 30
160 30
209 30
373 30
427 30
497 30
13 29
153 29
351 29
182 28
294 28
301 28
384 28
8 27
101 27
224 27
477 27
178 26
204 26
216 26
358 26
48 25
255 25
413 25
75 24
186 24
350 24
419 24
472 24
258 23
283 23
291 23
472 23
151 22
245 22
257 22
264 22
271 22
379 22
417 22
104 21
203 21
331 21
399 21
43 20
234 20
301 20
330 20
394 20
406 20
442 20
497 20
95 19
116 19
143 19
194 19
316 19
480 19
117 18
121 18
98 17
267 17
291 17
299 17
301 17
355 17
376 17
62 16
125 16
315 16
368 16
450 16
66 15
84 15
85 15
65 14
66 14
346 14
344 13
481 13
297 12
336 12
350 12
393 12
417 12
100 11
190 11
265 11
59 10
65 10
118 10
213 10
87 9
232 9
239 9
4 8
49 8
130 8
274 8
281 8
481 8
78 7
128 7
252 7
348 7
366 7
488 7
121 6
147 6
208 6
418 6
458 5
499 5
92 4
184 4
196 4
219 4
315 4
374 4
433 4
446 4
483 4
51 3
70 3
142 3
165 3
186 3
425 3
467 3
79 2
286 2
287 1
328 1
338 1
366 1
426 1
264 0
390 0
414 0
