22
500
152 99
178 99
268 99
307 99
355 99
29 98
126 98
202 98
402 98
205 97
259 97
383 97
458 97
489 97
499 97
79 96
99 96
184 96
211 96
366 96
71 95
94 95
350 95
410 95
427 95
9 94
308 94
379 94
342 93
37 92
238 92
317 92
324 92
497 92
148 91
227 91
230 91
278 91
295 91
357 91
2 90
39 90
50 90
159 90
198 90
293 90
489 90
295 89
95 88
131 88
174 88
180 88
325 88
409 88
417 88
182 87
221 87
456 87
9 86
31 86
494 86
97 85
294 85
383 85
181 84
199 84
229 84
31 83
153 83
178 83
204 83
263 83
323 83
424 83
448 83
49 82
84 82
214 82
225 82
485 82
41 81
71 81
150 81
172 81
203 81
55 80
56 80
123 80
317 80
416 80
45 79
92 79
162 79
162 79
270 79
296 79
356 79
24 78
314 78
380 78
4 77
128 77
199 77
226 77
272 77
333 77
382 77
80 76
108 76
114 76
127 76
140 76
274 76
383 76
18 75
41 75
221 75
258 75
416 75
423 75
90 74
127 74
144 74
156 74
200 74
278 74
416 74
54 73
212 73
316 73
444 73
494 73
103 72
176 72
201 72
305 72
403 72
405 72
426 72
5 71
17 71
408 71
127 70
186 70
187 70
267 70
268 70
430 70
437 70
10 69
317 69
418 69
18 68
21 68
111 68
213 68
245 68
266 68
339 68
499 68
226 67
399 67
109 66
160 66
264 66
282 66
327 66
359 66
431 66
447 66
60 65
197 65
212 65
277 65
280 65
330 65
426 65
446 65
492 65
142 64
285 64
425 64
11 63
156 63
243 63
391 63
411 63
5 62
127 62
148 62
174 62
259 62
451 62
8 61
28 61
167 61
212 61
3 60
193 60
403 60
113 59
292 59
387 59
393 59
118 58
172 58
181 58
265 58
391 58
415 58
487 58
134 57
199 57
322 57
352 57
410 57
128 56
352 56
390 56
65 55
80 55
151 55
295 55
377 55
404 55
489 55
113 54
396 54
37 53
65 53
135 53
154 53
169 53
181 53
303 53
309 53
432 53
451 53
462 53
477 53
27 52
73 52
356 52
403 52
17 51
116 51
121 51
303 51
333 51
496 51
3 50
342 50
445 50
481 50
134 49
301 49
405 49
67 48
157 48
172 48
225 48
235 48
304 48
435 48
233 47
381 47
438 47
466 47
4 46
24 46
327 46
366 46
454 46
46 45
72 45
234 45
265 45
102 44
121 44
145 44
184 44
130 43
197 43
231 43
278 43
388 43
413 43
459 43
191 42
259 42
332 42
398 42
450 42
9 41
17 41
219 41
46 40
153 40
179 40
214 40
245 40
256 40
327 40
65 39
186 39
235 39
337 39
353 39
438 39
457 39
67 38
114 38
359 38
469 38
474 38
27 37
46 37
155 37
176 37
226 37
4 36
86 36
172 36
345 36
381 36
82 35
233 35
332 35
465 35
89 34
99 34
300 34
300 34
59 33
135 33
299 33
305 33
320 33
366 33
5 32
179 32
202 32
207 32
240 32
242 32
375 32
375 32
461 32
69 31
171 31
306 31
63 30
70 30
240 30
389 30
407 30
272 29
80 28
313 28
316 28
386 28
418 28
478 28
21 27
161 27
48 26
139 26
304 26
339 26
67 25
309 25
329 25
374 25
383 25
473 25
282 24
305 24
399 24
21 23
22 23
29 23
97 23
424 23
183 22
217 22
155 21
274 21
276 21
311 21
259 20
67 19
70 19
110 19
126 19
227 19
240 19
247 19
117 18
140 18
171 18
237 18
340 18
355 18
430 18
442 18
9 17
37 17
205 17
289 17
312 17
354 17
367 17
427 17
15 16
187 16
234 16
282 16
422 16
480 16
20 15
46 15
102 15
159 15
175 15
213 15
276 15
324 15
334 15
350 15
478 15
29 14
122 14
201 14
288 14
138 13
388 13
434 13
268 12
172 11
310 11
121 10
170 10
172 10
323 10
343 10
444 10
9 9
49 9
300 9
38 8
82 8
193 8
272 8
458 8
467 8
138 7
313 7
405 7
435 7
212 6
257 6
368 6
431 6
73 5
150 5
280 5
286 5
309 5
436 5
438 5
209 4
218 4
265 4
336 4
355 4
363 4
57 3
114 3
0 2
191 2
209 2
224 2
270 2
440 2
31 1
69 1
110 1
128 1
170 1
259 1
332 1
72 0
83 0
97 0
192 0
437 0
444 0
450 0
459 0
469 0
