22
500
72 99
170 99
384 99
405 99
94 98
105 98
154 98
218 98
244 98
246 98
340 98
341 98
361 98
374 98
485 98
246 97
358 97
468 97
260 96
65 95
408 95
9 94
28 94
66 94
78 94
108 93
130 93
176 93
370 93
17 92
297 92
305 92
346 92
401 92
15 91
18 91
271 91
349 91
423 91
3 89
207 89
328 89
390 89
404 89
414 89
24 88
26 88
43 88
63 88
76 88
167 88
202 88
300 88
332 88
37 87
140 87
314 87
351 87
405 87
407 87
8 86
57 86
144 86
314 86
469 86
470 86
93 85
467 84
100 83
182 83
331 83
360 83
364 83
405 83
429 83
111 82
178 82
179 82
477 82
107 81
247 81
279 81
357 81
478 81
41 80
126 80
162 80
175 80
187 80
304 80
374 80
79 79
185 79
252 79
463 79
9 78
188 78
214 78
269 78
289 78
395 78
401 78
116 77
180 77
186 77
213 77
229 77
91 76
107 76
157 76
189 76
222 76
258 76
414 75
478 75
494 75
178 74
186 74
268 74
284 74
363 74
372 74
427 74
490 74
82 73
131 73
165 73
301 73
408 73
412 73
79 72
168 72
283 72
345 72
363 72
403 72
195 71
388 71
477 71
142 70
149 70
365 70
372 70
423 70
460 70
108 69
402 69
457 69
498 69
22 68
124 68
152 68
182 68
299 68
321 68
388 68
480 68
102 67
143 67
218 67
269 67
338 67
104 66
112 66
138 66
278 66
307 66
412 66
448 66
491 66
64 65
145 65
159 65
233 65
295 65
57 64
238 64
395 64
459 64
484 64
83 63
255 63
351 63
376 63
399 63
443 62
497 62
38 61
178 61
313 61
332 61
312 60
344 60
368 60
499 60
37 59
165 59
246 59
294 59
421 59
67 58
144 58
250 58
296 58
403 58
40 57
221 57
249 57
466 57
46 56
199 56
221 56
326 56
465 56
37 55
144 55
225 55
490 55
41 54
328 54
49 53
112 53
289 53
397 53
406 53
464 53
473 53
489 53
78 52
221 52
276 52
65 51
83 51
99 51
100 51
108 51
110 51
300 51
349 51
367 51
60 50
119 50
497 50
20 49
125 49
230 49
262 49
317 49
5 48
13 48
75 48
267 48
53 47
160 47
304 47
330 47
346 47
487 47
146 46
202 46
216 46
264 46
371 46
380 46
7 45
26 45
78 45
81 45
141 45
210 45
308 45
334 45
453 45
494 45
497 45
2 44
37 44
94 44
172 44
369 44
378 44
5 43
262 43
357 43
54 42
148 42
184 42
293 42
299 42
469 42
408 41
429 41
495 41
191 40
194 40
373 40
54 39
99 39
102 39
103 39
356 39
396 39
438 39
57 38
478 38
4 37
397 37
4 36
11 36
45 36
169 36
185 36
337 36
353 36
421 36
466 36
38 35
74 35
364 35
230 34
483 34
1 33
63 33
102 33
116 33
141 33
185 33
199 33
276 33
326 33
396 33
464 33
190 32
283 32
7 31
55 31
329 31
394 31
402 31
25 30
112 30
135 30
251 30
252 30
281 30
301 30
352 30
404 30
65 29
109 29
180 29
206 29
293 29
368 29
375 29
446 29
238 28
307 28
416 28
423 28
461 28
468 28
89 27
198 27
202 27
322 27
428 27
471 27
103 26
122 26
128 26
149 26
176 26
186 26
207 26
327 26
418 26
77 25
162 25
274 25
388 25
43 24
179 24
206 24
405 24
424 24
55 23
334 23
60 22
83 22
307 22
358 22
455 22
207 21
264 21
345 21
370 21
401 21
13 20
377 20
103 19
133 19
457 19
474 19
211 18
233 18
452 18
29 17
100 17
331 17
477 17
479 17
28 16
77 16
225 16
244 16
365 16
374 16
386 16
492 16
14 15
19 15
48 15
63 15
74 15
274 15
411 15
54 14
114 14
220 14
317 14
340 14
448 14
7 13
93 13
187 13
309 13
450 13
67 12
114 12
126 12
256 12
260 12
430 12
442 12
68 11
476 11
67 10
321 10
5 9
89 9
331 9
14 8
37 8
158 8
340 8
406 8
218 7
249 7
291 7
305 7
407 7
424 7
432 7
456 7
458 7
52 6
102 6
250 6
251 6
348 6
380 6
474 6
484 6
491 6
5 5
43 5
244 5
403 5
123 4
194 4
196 4
222 4
297 4
243 3
332 3
327 2
170 1
181 1
207 1
397 1
453 1
15 0
62 0
65 0
94 0
123 0
154 0
437 0
454 0
