22
500
126 99
163 99
254 99
12 98
128 98
169 98
218 98
353 98
394 98
141 97
201 97
311 97
108 96
281 96
330 96
68 95
93 95
319 95
457 95
147 94
198 94
273 94
310 94
407 94
85 93
112 93
193 93
257 93
15 92
58 92
70 92
190 92
207 92
312 92
348 92
385 92
423 92
438 92
6 91
139 91
261 91
308 91
338 91
94 90
164 90
233 90
376 90
391 90
472 90
167 89
195 89
247 89
267 89
376 89
445 89
446 89
470 89
31 88
182 88
46 87
52 87
274 87
346 87
421 87
15 86
134 86
167 86
375 86
475 86
475 86
68 85
108 85
131 85
204 85
349 85
431 85
448 85
118 84
149 84
308 84
336 84
188 83
191 83
360 83
4 82
286 82
91 81
163 81
195 81
407 81
473 81
474 81
477 81
51 80
79 80
102 80
245 80
331 80
350 80
436 80
176 79
343 79
472 79
122 78
324 78
367 78
482 78
47 77
49 77
254 77
284 77
420 77
32 76
189 76
223 76
268 76
10 75
27 75
139 75
162 75
288 75
304 75
404 75
85 74
87 74
91 74
106 74
422 74
28 73
41 73
150 73
156 73
320 73
248 72
303 72
317 72
410 72
466 72
471 72
85 71
250 71
270 71
299 71
67 70
107 70
137 70
496 70
139 69
27 68
151 68
95 67
132 67
235 67
371 67
146 66
155 66
322 66
350 66
406 66
480 66
54 65
235 65
344 65
361 65
429 65
14 64
32 64
281 64
384 64
394 64
433 64
467 64
484 64
490 64
335 63
439 63
442 63
253 62
267 62
344 62
408 62
42 61
43 61
54 61
321 61
344 61
408 61
23 60
149 60
382 60
70 59
137 59
213 59
365 59
81 58
168 58
228 58
231 58
251 58
311 58
30 57
85 57
144 57
185 57
186 57
331 57
493 57
270 56
333 56
357 56
360 56
398 56
399 56
466 56
168 55
382 55
494 55
4 54
35 54
57 54
263 54
429 54
104 53
475 53
235 52
241 52
260 52
285 52
332 52
334 52
110 51
134 51
247 51
254 51
274 51
287 51
53 50
88 50
271 50
320 50
401 50
409 50
455 50
17 49
158 49
206 49
346 49
451 49
475 49
117 48
199 48
270 48
297 48
320 48
328 48
435 48
201 47
261 47
287 47
299 47
349 47
350 47
438 47
459 47
496 47
34 46
163 46
43 45
71 45
78 45
230 45
414 45
10 44
92 44
267 44
378 44
444 44
239 43
335 43
379 43
389 43
402 43
142 42
466 42
19 41
33 41
95 41
202 41
253 41
357 41
365 41
263 40
386 40
435 40
470 40
35 39
199 39
199 39
212 39
259 39
419 39
444 39
89 38
179 38
320 38
17 37
28 37
29 37
136 37
238 37
334 37
430 37
435 37
100 36
116 36
239 36
241 36
463 36
47 35
149 35
176 35
273 35
343 35
347 35
419 35
100 34
126 34
374 34
114 33
136 33
218 33
369 33
0 32
117 32
149 32
257 32
341 32
436 32
49 31
84 31
313 31
431 31
58 30
146 30
401 30
438 30
470 30
148 29
289 29
345 29
380 29
13 28
59 28
111 28
187 28
354 28
414 28
103 27
121 27
200 27
235 27
274 27
330 27
402 27
464 27
467 27
71 26
85 26
150 26
232 26
242 26
267 26
271 26
425 26
480 25
43 24
424 24
485 24
17 23
82 23
161 23
226 23
275 23
307 23
176 22
183 22
477 22
0 21
98 21
163 21
360 21
445 21
480 21
168 20
206 20
264 20
266 20
320 20
490 20
148 19
196 19
249 19
314 19
332 19
455 19
460 19
30 18
48 18
92 18
128 18
211 18
246 18
265 18
400 18
168 17
276 17
126 16
253 16
259 16
65 15
202 15
296 15
332 15
381 15
180 13
345 13
490 13
166 12
182 12
189 12
222 12
416 12
427 12
442 12
146 11
223 11
339 11
121 10
202 10
213 10
249 10
309 10
483 10
2 9
171 9
304 9
384 9
441 9
26 8
271 8
291 8
340 8
418 8
456 8
89 7
115 7
191 7
216 7
271 7
436 7
459 7
294 6
342 6
448 6
54 5
122 5
373 5
481 5
41 4
50 4
125 4
141 4
169 4
251 4
325 4
369 4
430 4
40 3
97 3
241 3
251 3
288 3
333 3
379 3
406 3
452 3
89 2
131 2
268 2
287 2
301 2
322 2
336 2
366 2
416 2
402 1
469 1
125 0
244 0
480 0
