22
500
31 99
133 99
29 98
164 98
170 98
212 98
227 98
323 98
490 98
139 97
214 97
238 97
448 97
477 97
477 97
23 96
63 96
139 96
23 95
149 95
199 95
420 95
101 94
128 94
131 94
292 94
353 94
390 94
5 93
129 93
154 93
293 93
300 93
352 93
378 93
496 93
125 92
158 92
294 92
396 92
496 92
53 91
152 91
157 91
275 91
353 91
383 91
55 90
112 90
344 90
397 90
427 90
449 90
71 89
453 89
142 88
158 88
308 88
350 88
488 88
493 88
96 87
153 87
250 87
423 87
461 87
476 87
37 86
95 86
145 86
178 86
182 86
261 86
338 86
13 85
65 85
300 85
459 85
183 84
274 84
299 84
0 83
0 83
91 83
278 83
356 83
424 83
123 82
142 82
206 82
210 82
395 82
465 82
57 81
123 81
167 81
251 81
327 81
238 80
292 80
314 80
322 80
65 79
115 79
252 79
319 79
470 79
90 78
136 78
230 78
345 78
479 78
37 77
202 77
355 77
413 77
127 76
158 76
395 76
483 76
30 75
71 75
452 75
456 75
494 75
11 74
44 74
251 74
268 74
276 74
343 74
372 74
18 73
106 73
441 73
7 72
16 72
18 72
70 72
120 72
252 72
262 72
318 72
427 72
476 72
18 71
23 71
57 71
298 71
316 71
399 71
416 71
5 70
221 70
438 70
451 70
94 69
101 69
165 69
310 69
98 68
24 67
133 67
163 67
229 67
289 67
355 67
492 67
203 66
246 66
254 66
347 66
497 66
18 65
203 65
267 65
312 65
318 65
488 65
495 65
38 64
238 64
443 64
468 64
475 64
82 63
100 63
143 63
196 63
235 63
272 63
415 63
150 62
336 62
66 61
105 61
189 61
404 61
434 61
89 60
346 60
349 60
486 60
62 59
67 59
158 59
297 59
384 59
473 59
121 58
143 58
271 58
285 58
288 58
469 58
38 57
212 57
454 57
83 56
140 56
267 56
369 56
394 56
466 56
67 55
105 55
402 55
219 54
220 54
247 54
56 53
69 53
78 53
102 53
238 53
286 53
373 53
425 53
68 52
112 52
133 52
252 52
353 52
401 52
3 51
4 51
47 51
234 51
238 51
238 51
281 51
331 51
340 51
344 51
348 51
239 50
279 50
156 49
168 49
486 49
150 48
207 48
230 48
350 48
388 48
445 48
486 48
490 48
495 48
396 47
435 47
490 47
50 46
292 46
359 46
371 46
99 45
170 45
4 44
51 44
158 44
327 44
460 44
485 44
138 43
265 43
428 43
114 42
128 42
196 42
215 42
349 42
43 41
104 41
196 41
219 41
234 41
372 41
4 40
116 40
127 40
179 40
187 40
223 40
232 40
414 40
101 39
132 39
187 39
236 39
394 39
498 39
32 38
142 38
145 38
262 38
356 38
356 38
407 38
13 37
179 37
236 37
96 36
198 36
390 36
128 35
343 35
424 35
446 35
1 34
279 34
299 34
310 34
461 34
188 33
396 33
428 33
497 33
356 32
381 32
41 31
165 31
303 31
412 31
130 30
136 30
147 30
171 30
479 30
58 29
76 29
164 29
242 28
384 28
69 27
92 27
208 27
392 27
441 27
475 27
46 26
46 26
76 26
90 26
151 26
157 26
173 26
242 26
407 26
465 26
21 25
227 25
340 25
378 25
392 25
447 25
473 25
498 25
28 24
35 24
49 24
114 24
377 24
425 24
484 24
488 24
332 23
392 23
414 23
490 23
91 22
211 22
274 22
69 21
94 21
458 21
3 20
40 20
72 20
105 20
138 20
169 20
270 20
293 20
300 20
496 20
133 19
281 19
327 19
467 19
13 18
64 18
86 18
172 18
217 18
159 17
176 17
278 17
323 17
405 17
421 17
15 16
22 16
49 16
169 16
263 16
282 16
292 16
369 16
48 15
104 15
126 15
152 15
289 15
334 15
367 15
472 15
39 14
212 13
306 13
387 13
24 12
336 12
436 12
33 11
68 11
86 11
157 11
330 11
380 11
423 11
464 11
18 10
168 10
204 10
417 10
493 10
16 9
61 9
122 9
309 9
141 8
248 8
261 8
26 7
382 7
14 6
120 6
302 6
357 6
481 6
102 5
137 5
263 5
381 5
350 4
385 4
406 4
437 4
452 4
492 4
3 3
98 3
192 3
234 3
242 3
316 3
347 3
496 3
49 2
424 2
454 2
52 1
159 1
84 0
90 0
260 0
275 0
306 0
338 0
