10
100
137 33
152 67
185 16
103 0
218 49
483 18
162 77
252 71
370 31
80 71
311 82
38 12
314 42
90 77
477 31
18 51
311 77
247 76
272 38
237 81
155 95
352 76
317 65
480 44
171 95
29 0
323 65
175 4
2 5
71 2
410 89
248 27
298 15
417 79
173 62
326 96
265 21
33 64
55 94
275 53
297 63
413 2
8 96
321 63
252 38
24 38
254 55
312 82
366 58
264 14
266 78
187 59
118 70
445 80
412 75
201 27
90 46
85 73
135 55
27 8
279 94
125 85
157 78
81 11
173 96
266 98
124 86
494 37
2 70
407 22
138 34
379 25
204 18
211 65
395 17
274 75
20 6
209 2
308 80
306 60
341 42
396 24
7 60
331 41
482 1
472 63
26 23
183 32
63 49
112 70
405 56
345 87
348 45
491 3
135 34
122 51
183 17
426 76
377 45
284 23
