10
100
33 10
493 99
384 83
297 78
214 80
232 50
18 45
319 82
10 9
402 17
105 93
201 59
445 37
4 9
415 48
283 91
76 93
181 18
216 63
435 39
233 57
175 46
146 79
233 16
331 54
433 72
110 72
232 63
337 13
417 51
404 3
213 26
38 87
249 63
275 73
163 83
7 99
266 70
251 12
127 21
167 51
271 41
282 75
315 12
328 13
29 20
244 63
203 69
228 21
112 44
262 3
481 21
382 93
86 44
311 97
313 55
206 49
189 96
284 23
210 46
348 86
331 46
325 68
177 13
332 1
93 55
4 69
80 60
332 17
495 22
192 74
379 97
420 47
225 91
421 61
98 9
306 21
86 19
269 70
495 68
337 39
16 91
461 54
123 10
435 32
306 33
103 35
228 34
39 42
381 26
434 39
294 76
230 37
43 16
176 8
346 88
397 73
97 65
20 45
400 91
