10
100
401 0
294 14
451 90
164 92
34 94
217 87
301 72
184 50
374 81
389 3
443 49
16 91
190 29
182 19
218 89
424 9
326 31
313 89
185 24
95 79
486 55
466 97
217 39
380 84
64 93
291 32
55 53
189 85
301 93
65 68
171 83
117 90
144 55
152 84
78 77
471 58
373 44
212 76
148 58
446 88
80 18
269 25
8 15
447 82
283 54
496 81
6 34
340 71
62 67
363 37
171 85
40 78
343 49
284 94
146 44
181 11
111 26
356 64
455 75
445 72
58 20
400 74
136 33
211 31
274 95
205 54
418 1
190 65
193 30
374 77
83 54
474 73
374 90
235 64
295 21
106 86
181 61
60 31
152 91
444 71
191 58
250 75
138 26
198 74
117 38
107 0
453 63
230 11
356 35
397 9
156 13
459 16
183 67
415 34
14 33
21 58
237 81
192 60
98 37
13 35
