10
100
113 18
390 54
81 66
117 8
14 56
491 69
25 24
318 51
230 43
70 84
493 17
107 80
41 82
106 93
346 58
246 53
472 83
4 27
95 36
380 56
211 49
343 65
487 28
368 39
430 2
38 81
436 41
93 86
400 7
376 14
143 81
491 27
484 56
64 18
213 40
82 24
448 49
368 85
112 91
269 77
244 21
96 32
440 14
261 99
393 43
422 75
265 24
199 75
220 32
411 30
212 40
284 93
497 13
393 21
195 36
62 95
44 82
445 97
405 32
205 84
85 81
17 28
405 45
93 98
172 2
451 27
189 40
43 83
423 45
247 69
386 47
417 52
372 26
172 27
209 43
173 53
421 69
183 97
264 78
366 83
86 95
373 70
303 96
417 77
283 79
199 21
284 15
35 15
78 90
340 41
339 12
268 30
351 25
243 31
443 19
138 23
96 46
394 85
41 60
375 21
