10
100
10 27
193 83
43 16
89 93
454 96
234 87
237 98
228 7
55 16
124 59
278 68
169 12
333 48
200 48
369 52
423 87
366 81
412 38
451 33
69 44
137 92
344 78
383 79
152 15
247 74
84 65
204 87
475 95
51 90
348 87
317 92
68 66
434 93
187 42
190 96
264 55
86 10
135 77
160 88
488 57
431 36
5 7
279 58
190 55
345 3
30 78
184 63
306 43
45 20
425 26
360 80
281 30
439 25
234 23
85 87
364 86
25 20
486 83
178 95
457 87
105 98
193 98
335 75
461 13
110 81
166 96
394 93
392 10
11 21
270 16
360 65
452 54
367 45
102 89
320 33
94 37
308 68
160 53
85 80
345 65
30 97
202 79
49 32
157 21
462 56
338 78
405 92
404 86
302 85
28 78
419 58
437 33
124 48
201 56
475 17
60 63
289 70
205 10
421 2
314 52
