10
100
411 98
156 63
384 20
458 77
336 20
205 37
363 30
77 94
276 55
456 9
475 36
75 0
220 80
319 5
320 25
262 71
350 13
7 66
169 22
93 60
128 20
463 68
76 64
62 38
476 60
50 19
177 0
463 5
437 49
494 79
336 90
99 26
83 97
65 68
471 39
35 39
168 9
474 55
114 42
99 32
11 82
107 89
194 46
25 41
117 12
12 79
275 90
2 69
98 78
124 65
458 6
324 10
138 59
460 54
482 29
113 57
21 40
290 90
234 58
107 34
296 37
34 3
223 51
473 94
313 20
273 21
140 90
266 18
38 38
195 47
475 11
462 23
123 17
267 86
90 66
110 12
34 96
43 1
160 88
145 86
295 25
77 36
61 84
83 20
120 28
413 67
287 20
354 24
359 96
441 14
47 40
323 82
246 9
497 76
457 98
292 48
9 25
305 18
274 84
218 6
