10
100
306 20
78 44
481 21
111 41
368 5
306 59
433 97
187 10
34 8
242 57
386 21
481 53
492 39
14 90
101 21
145 57
77 36
149 96
106 51
165 63
89 68
478 39
172 6
352 43
393 12
242 45
250 31
232 0
370 30
366 85
206 57
231 73
79 0
215 22
399 69
312 4
27 19
471 25
473 41
256 58
431 71
44 31
56 80
65 28
155 80
349 79
42 42
165 27
492 32
83 81
461 35
476 50
447 18
248 9
245 64
31 15
303 64
289 69
361 6
114 47
75 18
367 88
247 4
122 0
253 63
384 49
200 45
26 31
71 41
234 43
235 19
225 30
21 35
234 89
277 97
91 19
190 25
257 33
33 57
112 58
315 30
155 26
496 65
150 84
334 14
414 54
208 24
22 1
386 36
97 22
357 61
58 78
248 23
256 16
348 31
312 36
391 95
370 75
137 88
308 36
