10
100
69 5
345 32
467 85
468 17
148 6
307 7
192 51
41 7
412 49
371 41
234 20
194 95
197 75
329 58
154 60
57 58
354 98
290 73
8 20
320 38
301 84
423 80
227 48
367 21
444 97
413 58
316 76
119 14
476 99
397 1
25 31
196 1
300 52
109 30
242 13
76 94
155 69
139 34
63 62
181 45
417 82
186 31
214 41
289 62
76 73
219 89
21 13
249 47
173 47
238 95
406 37
118 42
247 48
88 89
185 70
72 8
248 67
480 93
219 93
18 94
417 46
338 98
356 55
461 83
20 90
158 32
479 91
388 28
417 33
427 38
427 26
276 7
202 95
68 7
361 9
345 44
421 58
303 73
252 56
470 59
497 46
69 93
171 93
465 53
197 32
372 34
73 35
407 72
402 97
414 14
407 12
295 39
209 42
65 94
37 24
87 51
254 77
188 25
351 9
96 69
