10
100
212 63
226 41
161 35
157 18
486 87
455 73
99 60
262 93
203 17
492 47
335 43
221 81
40 62
141 59
312 57
479 76
150 95
493 19
301 42
395 12
195 14
430 78
325 5
358 93
54 94
260 14
159 75
454 94
329 64
224 29
471 74
330 67
338 98
222 42
450 24
29 14
4 91
322 19
56 86
76 95
72 26
360 91
67 83
15 64
463 59
361 32
103 48
408 13
142 36
55 14
385 37
245 54
495 67
441 54
169 84
297 14
273 24
410 92
386 95
459 10
477 54
453 53
9 76
39 55
46 89
118 89
337 91
15 23
489 90
265 22
260 49
182 24
457 75
446 92
385 58
208 38
32 85
462 64
289 55
339 41
217 18
229 54
350 61
423 15
411 94
425 11
385 28
42 28
23 79
420 46
418 52
96 92
183 47
121 2
459 77
133 64
396 3
271 32
343 68
194 98
