10
100
417 97
213 58
114 61
172 1
224 26
339 55
125 82
189 4
237 17
250 4
346 37
232 84
365 36
459 91
195 49
135 11
124 40
73 37
131 30
399 45
254 53
167 42
101 94
41 71
105 54
53 66
120 64
236 66
466 3
38 6
160 60
337 70
221 73
174 15
51 26
235 9
162 11
95 82
71 59
153 40
446 22
186 60
444 72
394 22
296 54
414 13
416 91
295 4
343 76
3 71
396 68
202 71
75 80
225 21
269 58
226 26
191 62
122 50
59 73
197 61
407 46
355 6
17 43
478 46
283 13
453 86
114 34
302 62
203 75
10 66
452 71
10 20
2 33
434 44
495 25
34 91
343 90
135 18
435 55
192 53
215 89
240 28
105 98
132 19
305 53
267 38
393 68
158 57
143 59
266 88
1 18
265 63
253 23
116 49
468 51
28 53
283 39
300 65
227 8
491 85
