15
250
480 1
257 80
380 30
464 89
350 79
144 50
192 2
155 3
351 7
95 92
481 91
115 37
464 11
291 5
271 63
124 58
175 83
461 90
24 12
383 69
55 53
103 17
85 33
369 26
354 61
320 95
277 98
309 54
133 48
288 56
439 45
273 66
230 78
419 36
341 17
394 38
352 16
77 80
273 48
454 53
234 12
163 26
385 88
29 95
437 5
345 17
84 88
64 71
81 73
217 21
433 68
227 73
100 41
230 28
103 19
113 83
402 76
250 7
464 68
422 97
22 23
136 42
83 73
2 0
445 43
406 58
342 63
57 95
423 52
446 61
400 24
394 14
89 77
393 8
416 92
225 32
116 76
458 39
85 83
490 72
420 93
50 30
463 60
74 67
347 30
386 43
106 24
426 55
11 4
219 11
211 24
152 75
21 14
141 28
426 33
76 49
414 25
354 33
488 65
31 65
249 64
345 95
252 78
360 3
92 74
356 65
287 84
356 22
137 85
497 84
388 51
263 71
200 47
284 29
40 67
96 47
231 60
143 5
279 67
81 72
178 19
3 56
474 4
54 86
351 17
375 92
119 95
193 53
283 38
409 0
235 54
153 55
195 65
423 11
77 51
430 31
113 81
239 40
44 12
306 96
390 26
111 79
204 47
429 89
85 51
222 73
285 84
451 90
114 20
332 50
390 0
205 82
179 40
489 82
196 8
354 29
207 90
361 26
415 7
192 34
274 41
208 16
60 62
231 50
130 16
142 61
347 27
486 67
467 52
203 94
342 91
239 95
67 68
32 62
403 86
162 98
161 34
155 83
204 37
293 15
183 95
43 40
237 17
43 66
199 46
187 29
477 14
173 62
418 92
309 41
257 10
424 39
133 94
275 43
94 14
429 63
281 40
299 67
412 67
494 53
76 21
406 73
476 18
171 92
343 82
139 55
106 76
71 80
256 3
24 64
238 27
107 34
8 83
417 29
305 62
291 56
490 57
366 52
168 55
164 88
342 91
223 5
494 39
475 31
355 19
297 52
376 16
138 19
126 68
260 78
476 30
464 28
462 51
469 54
43 0
116 81
122 16
6 42
328 81
483 60
259 19
27 74
144 35
343 35
1 54
297 73
9 29
305 70
330 35
227 19
