15
250
447 97
161 14
456 61
58 92
195 51
164 75
462 71
389 71
98 22
60 54
263 81
440 95
171 4
273 53
27 13
166 31
31 30
325 61
126 15
434 26
10 94
147 73
252 69
479 19
448 83
184 24
286 50
87 11
168 57
90 16
89 86
63 67
204 78
39 67
386 23
422 89
485 91
84 84
373 2
210 28
384 66
111 19
110 92
54 13
1 2
499 85
24 57
396 99
337 5
60 48
102 66
176 80
77 34
238 71
417 36
218 3
457 69
271 78
123 12
167 1
480 28
332 98
368 43
125 39
98 54
70 4
443 95
258 48
72 13
331 91
164 63
165 53
149 41
380 6
180 51
284 40
254 15
15 51
252 28
4 43
165 99
381 99
125 46
461 29
255 62
457 73
132 53
64 30
120 61
56 33
320 67
56 14
221 32
134 86
197 30
413 97
405 39
218 88
311 20
358 93
4 74
142 79
257 59
108 64
196 21
394 35
73 82
175 42
264 33
389 49
44 35
438 96
472 2
232 79
22 16
135 83
140 64
124 97
292 13
160 21
0 56
50 80
418 68
76 19
75 55
327 71
431 75
43 70
227 38
142 33
186 95
322 11
131 8
146 78
383 8
250 76
185 68
59 46
95 54
268 29
32 8
404 49
112 44
273 51
494 75
264 65
69 92
394 85
463 97
254 7
256 19
455 28
241 57
234 13
259 35
313 80
419 13
180 10
71 76
264 58
12 55
404 20
160 66
283 27
406 45
155 52
49 84
342 17
370 23
368 27
1 23
284 2
280 92
458 80
196 94
9 45
418 70
275 41
135 85
342 46
325 10
369 35
15 5
300 74
129 56
90 78
160 10
461 10
37 6
397 55
230 90
29 54
173 20
50 84
108 42
127 40
80 6
110 47
199 65
263 96
25 54
447 71
239 16
77 93
207 28
385 15
197 30
98 72
131 56
345 74
407 62
192 51
197 85
53 97
28 31
50 29
195 7
271 31
247 15
137 72
76 19
59 67
287 58
314 28
415 6
205 67
284 8
140 15
370 1
355 66
88 5
90 45
447 59
45 48
174 90
368 48
164 30
105 42
81 86
462 12
127 70
319 90
262 83
145 6
97 72
243 91
31 3
247 71
490 94
260 73
