15
250
117 86
365 18
281 14
244 8
382 54
161 97
460 4
415 49
364 68
288 68
215 41
120 5
437 51
499 32
200 93
255 66
366 30
199 30
74 11
287 28
335 14
154 38
358 96
423 90
197 63
354 53
212 38
163 62
401 92
34 34
198 73
46 28
417 95
377 78
342 84
343 95
44 27
37 88
345 66
243 43
296 22
476 85
333 48
393 88
320 24
395 56
59 99
37 25
117 7
422 7
355 43
354 50
268 96
272 47
191 1
180 67
170 32
408 26
57 70
48 74
162 51
168 22
145 12
414 51
187 68
53 2
168 11
22 29
156 88
86 63
477 57
215 69
82 54
406 35
301 13
473 12
474 52
384 75
287 22
215 84
209 39
219 89
408 87
92 26
324 63
50 63
142 94
488 4
493 75
27 16
351 81
49 61
381 92
139 92
311 6
460 78
356 96
187 44
370 66
322 0
423 70
4 18
166 67
201 68
182 44
194 55
264 44
465 95
285 37
58 37
315 61
408 44
396 10
209 18
71 70
169 50
254 95
201 37
145 92
10 63
68 71
3 43
369 90
349 81
190 54
164 66
486 18
391 93
365 25
192 67
96 37
99 46
361 60
407 80
217 81
178 42
272 22
207 18
196 9
162 50
6 25
394 36
371 12
297 22
408 86
284 69
214 50
210 79
40 11
279 79
33 20
203 98
471 6
34 82
17 16
219 82
220 83
302 13
465 64
2 97
253 82
315 29
107 60
447 54
186 76
367 92
468 65
209 66
414 68
490 25
54 11
121 98
475 93
464 17
83 79
345 22
496 33
416 15
214 32
183 21
340 15
358 52
254 78
260 17
94 78
96 72
230 0
32 90
487 10
368 40
274 1
342 27
55 6
425 41
456 24
342 4
351 91
198 77
185 12
244 31
75 97
257 99
147 46
287 80
249 2
421 99
210 1
29 0
68 23
151 80
131 56
395 2
403 38
451 22
384 46
141 86
126 30
365 93
185 26
180 9
218 47
55 42
196 1
127 55
489 39
161 98
336 96
483 78
403 49
208 83
62 56
180 51
429 89
121 80
158 92
76 8
450 8
254 39
328 93
352 82
426 10
139 97
484 33
164 77
5 64
290 76
174 58
249 38
191 2
22 48
