15
250
361 67
412 78
92 75
287 22
445 64
498 91
453 65
151 29
10 33
234 49
420 60
186 27
90 74
405 64
32 40
11 57
262 18
171 61
351 65
161 59
300 53
471 55
448 67
267 56
451 89
90 50
342 40
163 78
113 76
119 13
10 17
133 15
256 59
118 55
156 46
88 49
340 47
333 43
434 78
459 45
451 40
416 84
402 93
372 27
37 62
137 31
167 42
19 50
340 38
443 25
39 84
410 99
346 88
113 44
357 91
331 76
252 19
387 73
331 26
421 93
343 34
95 66
220 21
167 61
55 42
99 17
46 56
260 26
403 90
121 25
138 26
120 97
273 15
399 66
394 46
447 50
95 70
121 28
457 64
38 91
368 41
54 33
216 87
250 29
496 77
388 95
19 88
135 60
116 56
93 99
147 18
68 49
186 91
461 0
416 34
436 92
286 98
485 75
373 93
345 5
240 64
293 79
463 23
463 22
336 20
200 73
369 31
352 15
339 36
247 82
394 44
405 0
87 56
110 45
86 24
128 92
438 51
248 94
53 46
103 41
398 12
80 32
323 57
12 77
274 55
161 60
469 72
272 1
133 53
385 14
147 46
360 23
302 96
331 0
263 72
170 57
13 11
218 30
496 94
143 46
45 81
438 0
160 54
46 14
13 48
62 21
356 54
337 95
209 81
37 30
58 30
297 94
57 41
321 98
383 67
125 4
181 8
108 66
49 28
111 79
57 6
278 88
251 28
444 71
355 14
468 12
461 58
321 28
363 65
186 90
216 92
335 61
211 16
159 16
333 39
32 40
173 1
9 78
13 98
273 45
349 98
261 24
247 98
349 97
139 11
184 52
439 25
455 87
355 16
134 96
371 98
320 44
194 39
193 35
63 20
252 91
401 70
370 69
111 87
477 69
110 74
40 83
41 64
166 32
435 36
197 16
418 17
278 37
76 19
412 65
333 21
197 72
44 39
489 8
144 57
387 71
341 1
320 41
95 39
56 14
344 51
187 76
283 78
243 72
116 27
447 68
475 69
145 87
57 77
175 62
264 15
217 83
425 86
316 50
249 4
479 84
341 30
40 78
87 11
31 3
266 95
279 73
193 45
130 20
328 44
347 47
123 1
243 47
361 41
399 35
