15
250
45 29
147 2
299 23
110 23
370 91
136 4
134 75
240 14
102 97
201 96
402 96
322 22
110 37
328 43
213 95
327 96
375 25
10 18
329 50
311 67
183 96
170 79
365 95
10 61
492 11
395 99
170 1
187 49
272 82
232 27
399 38
363 9
284 34
239 94
143 3
136 64
488 58
498 41
377 49
280 86
16 90
218 76
5 29
38 73
327 77
317 50
85 21
107 47
223 46
377 95
226 50
32 33
492 37
56 28
230 34
133 61
191 10
22 51
425 37
384 24
32 85
343 86
345 48
77 7
235 28
388 22
16 34
170 20
404 23
109 79
182 88
297 73
223 1
324 58
6 47
174 75
162 35
385 2
393 32
313 87
454 49
380 73
419 15
294 52
324 51
348 11
190 90
165 62
94 76
321 34
196 20
38 4
51 47
96 37
192 0
33 30
162 26
465 78
53 41
223 65
424 23
241 86
404 93
364 66
85 48
11 34
452 68
214 76
265 76
397 13
319 49
158 22
241 75
96 86
114 30
91 34
122 67
353 31
28 45
447 13
110 39
246 16
454 16
181 97
479 90
164 49
447 43
247 58
220 31
312 84
380 5
389 49
172 75
167 22
478 4
485 91
416 94
379 94
240 11
262 23
0 51
241 85
28 31
116 20
138 28
254 36
213 91
104 32
156 7
496 47
224 63
215 68
439 62
39 12
317 90
153 0
315 55
60 5
393 36
35 85
184 30
181 91
159 38
263 8
240 99
125 7
237 56
132 41
298 73
107 96
195 90
96 97
408 68
419 81
311 53
382 86
6 16
157 88
149 10
446 23
62 25
67 86
188 17
215 92
175 31
140 32
55 9
264 72
98 22
208 65
281 48
454 18
427 29
114 61
328 0
93 7
418 23
387 94
180 10
449 65
105 30
199 24
24 28
205 20
453 52
175 25
89 53
220 80
409 30
364 42
254 89
108 0
241 39
334 26
139 18
439 40
103 37
162 28
363 38
8 52
17 34
445 5
320 9
319 98
188 86
223 92
283 54
463 44
307 83
337 5
187 21
278 71
158 46
247 70
139 74
272 54
106 78
42 80
433 2
213 97
146 80
207 12
375 37
469 51
316 54
186 62
332 69
258 80
85 22
481 63
