15
250
313 85
485 73
131 51
472 85
2 62
107 97
210 12
331 89
427 69
179 77
113 22
41 26
297 66
379 13
24 56
175 22
409 55
255 67
51 44
344 49
65 11
78 58
451 83
352 83
467 45
36 10
412 0
34 24
489 37
133 81
384 63
174 87
5 87
481 41
185 22
454 83
192 15
194 6
287 82
56 27
479 78
404 42
155 20
286 92
393 27
488 96
389 5
119 81
375 46
473 37
437 36
400 60
154 21
329 22
178 25
369 45
272 67
347 75
214 44
122 60
308 65
215 77
7 60
2 22
194 27
167 49
437 83
303 48
82 35
309 46
463 30
420 33
216 12
269 89
344 53
436 74
207 17
440 56
239 30
485 46
209 97
161 47
205 28
408 88
206 70
424 4
2 27
109 23
301 18
492 29
18 22
183 48
408 7
186 47
235 7
482 39
299 17
433 82
138 55
74 67
260 49
58 17
463 42
217 2
40 26
269 70
416 73
227 28
140 32
142 44
256 20
447 99
129 71
421 87
157 33
175 46
467 54
69 27
498 23
31 35
459 2
136 43
220 4
164 90
321 93
98 53
415 14
24 6
106 39
384 22
93 77
280 90
36 54
383 91
460 91
387 45
388 34
399 21
38 12
205 96
112 66
358 70
138 50
331 68
284 24
480 45
280 27
381 17
287 81
171 75
465 40
491 27
359 57
336 9
393 71
491 73
296 29
402 42
40 37
213 91
217 91
437 66
449 24
299 34
133 3
207 62
261 4
284 20
181 52
136 69
428 40
495 13
220 82
77 76
344 96
196 16
348 90
384 33
390 5
335 54
90 14
497 52
110 29
395 42
486 44
448 48
100 79
75 84
120 10
210 37
481 13
172 32
141 98
138 92
444 40
36 26
235 92
127 37
110 69
268 33
486 24
352 32
425 13
18 68
399 56
265 19
196 92
416 62
160 64
362 10
301 55
287 93
231 52
165 67
398 93
63 40
191 6
138 73
498 4
24 57
212 95
426 91
162 54
142 81
64 77
384 10
495 62
355 38
41 1
301 17
447 65
499 91
211 63
228 93
248 14
427 91
349 47
421 57
85 43
236 52
452 45
458 64
427 21
319 49
201 24
37 79
1 0
38 77
58 33
55 75
