15
250
126 53
332 50
99 42
259 13
162 70
357 79
408 91
146 76
124 53
291 69
376 61
211 88
259 15
169 56
184 38
153 18
420 6
464 47
44 76
122 42
339 44
171 6
382 35
59 7
270 86
249 65
43 97
365 36
298 93
20 21
138 55
161 94
358 55
463 50
178 1
18 22
34 99
132 49
209 75
322 81
17 8
454 41
464 2
433 74
334 17
465 90
185 95
98 63
236 2
495 73
217 51
409 16
108 95
197 74
377 33
277 3
367 43
305 10
170 72
336 57
240 64
48 87
448 5
83 54
486 96
96 59
226 32
201 45
246 14
39 78
204 49
8 49
235 9
165 57
176 21
215 20
401 95
61 54
329 83
365 87
69 28
252 35
435 10
155 16
329 42
418 83
395 60
53 7
361 17
20 88
105 91
404 3
11 95
90 59
492 2
470 55
94 51
221 82
65 43
281 41
195 56
123 25
418 53
408 13
490 36
275 63
316 98
269 42
90 26
325 6
25 33
86 94
114 69
123 64
32 32
178 6
245 88
225 86
63 44
477 55
72 19
398 39
123 79
169 75
311 15
401 86
99 51
179 33
238 47
55 56
104 84
150 53
141 24
284 39
370 82
331 60
111 33
266 95
150 3
225 3
31 99
52 65
60 47
102 45
366 11
37 9
272 11
96 77
430 28
43 33
153 94
387 70
215 77
295 22
38 22
72 63
74 36
278 89
45 44
173 5
127 72
178 27
76 77
167 70
470 41
444 17
3 85
124 45
305 25
311 44
113 5
368 46
54 91
432 22
460 16
231 82
468 34
338 99
280 49
318 43
351 43
355 3
340 31
147 29
149 70
239 67
37 57
492 88
497 86
314 3
300 67
276 36
149 2
33 93
375 48
336 70
436 7
227 42
377 72
290 35
103 62
28 78
374 12
479 22
374 14
439 75
109 96
318 92
192 59
9 76
305 51
205 71
453 93
419 51
265 99
322 87
245 38
254 80
107 44
121 89
404 46
147 11
249 96
490 90
438 21
94 21
371 48
178 56
321 41
248 87
410 97
184 8
435 6
433 80
27 7
405 38
180 0
247 30
115 21
150 71
296 95
278 28
95 21
40 8
227 17
406 93
114 16
231 49
402 86
440 38
