15
250
446 9
247 50
238 55
126 58
50 12
80 96
52 67
168 52
440 28
273 12
96 14
128 52
338 21
183 28
475 11
477 72
181 91
260 24
69 41
334 79
210 56
58 24
182 75
28 85
344 81
411 82
66 19
156 22
112 48
236 58
481 91
4 21
333 7
184 21
255 22
442 46
308 21
81 18
61 97
315 6
100 31
27 30
307 23
313 21
194 1
420 20
41 28
75 12
303 63
414 55
214 13
422 23
25 1
23 14
159 53
316 83
423 84
218 81
404 57
16 40
116 92
360 18
196 8
288 76
412 27
7 4
254 31
320 15
310 97
356 21
102 33
77 73
89 70
108 21
153 77
334 2
153 0
244 82
107 35
420 80
162 86
285 25
449 29
434 49
228 75
133 60
89 92
253 73
335 18
390 17
187 58
277 57
114 71
374 42
471 13
263 35
282 19
479 8
144 0
280 95
158 54
54 75
62 17
286 9
89 44
390 52
122 67
484 10
247 38
9 6
32 83
100 25
367 16
444 55
218 30
24 80
200 98
113 65
436 56
106 0
219 14
460 2
367 28
434 20
104 10
337 39
145 15
40 86
296 19
318 56
44 57
175 52
162 70
226 79
389 94
184 33
89 51
464 93
459 8
339 80
315 58
26 50
64 60
49 36
156 96
461 43
408 38
378 63
216 32
280 44
280 20
365 68
365 1
334 44
446 97
485 5
379 79
413 84
426 17
24 34
105 23
87 49
88 59
384 26
256 97
198 92
353 73
40 7
432 39
45 79
253 49
473 73
403 77
278 11
285 41
397 44
319 55
321 56
491 13
250 35
481 45
295 84
130 18
332 22
295 82
215 22
265 57
131 15
191 76
282 44
166 19
210 5
273 42
481 67
99 24
194 7
424 16
103 26
275 90
325 39
239 0
115 75
149 88
118 60
396 54
314 45
211 25
35 80
26 40
6 44
114 0
400 25
107 50
174 79
399 13
14 99
333 1
249 76
258 35
58 30
495 75
297 0
100 70
408 48
440 44
58 1
48 95
138 74
90 0
165 49
57 61
121 55
329 45
197 67
132 61
2 2
454 72
201 54
438 56
255 94
332 17
86 22
51 43
455 18
164 88
387 44
345 87
303 10
136 23
338 1
