15
250
410 30
24 82
432 89
36 62
172 93
117 34
498 50
240 31
343 5
397 18
398 50
222 48
260 71
421 9
493 26
146 38
34 2
65 31
345 75
333 48
149 31
197 1
235 39
284 4
245 29
406 15
38 24
436 95
192 24
280 48
432 53
96 6
466 97
91 92
467 76
219 25
249 93
43 88
249 96
269 67
457 46
176 57
234 44
264 43
148 39
146 11
12 13
398 35
15 38
265 22
258 40
289 30
441 59
84 3
342 68
115 53
416 71
140 90
376 13
126 10
383 82
311 83
202 2
438 95
235 64
382 68
66 10
364 97
280 16
236 58
128 24
243 5
458 59
424 36
346 75
315 30
83 1
377 90
143 32
68 77
359 36
53 92
318 34
17 55
115 54
434 31
237 36
488 53
477 24
326 17
263 9
494 71
91 82
273 65
391 33
343 62
246 85
199 83
457 51
462 96
139 7
252 42
327 30
439 98
19 71
339 19
364 95
365 22
14 44
428 91
454 23
489 79
85 18
469 32
286 92
182 31
141 58
153 50
419 93
106 10
440 38
128 45
359 37
77 95
443 41
196 88
402 34
214 59
191 7
112 38
454 68
189 88
373 27
402 1
232 43
467 57
69 2
341 75
234 33
325 61
499 44
132 96
399 14
38 16
34 67
343 55
242 24
179 52
75 91
115 10
462 81
170 61
144 88
353 86
312 80
251 69
76 82
411 10
465 37
60 78
266 70
162 94
221 94
388 26
205 27
195 65
70 25
189 55
41 22
39 51
403 7
426 50
350 98
166 90
89 37
341 22
100 40
98 61
346 12
264 54
447 62
193 96
50 20
270 33
318 21
109 75
360 9
499 9
442 81
81 44
437 50
19 7
53 81
411 46
430 91
361 44
393 91
297 74
461 4
354 59
24 37
288 22
414 49
149 13
186 64
65 75
4 52
142 71
374 64
86 67
198 55
321 95
291 43
97 26
277 63
411 39
179 17
309 30
271 97
382 1
34 6
236 49
117 58
120 82
264 92
55 50
331 56
352 56
415 97
447 21
60 90
16 90
35 58
315 78
293 2
169 90
410 52
407 37
359 49
300 42
409 50
237 86
436 64
42 45
324 86
426 15
295 97
334 17
400 4
398 70
