15
250
137 69
319 66
368 48
381 49
334 39
232 62
348 34
271 35
485 52
396 75
264 95
297 89
283 67
466 31
413 66
345 10
416 20
463 52
248 30
163 17
361 19
148 43
162 61
328 67
164 54
27 41
447 66
164 60
71 54
385 91
102 84
24 73
146 42
483 51
275 5
456 43
22 11
123 35
335 96
42 29
463 69
154 99
88 12
108 89
160 91
388 30
48 82
342 54
379 45
316 54
75 70
74 53
27 11
195 60
85 14
331 81
352 98
133 23
322 35
128 69
345 72
151 82
80 19
293 63
350 27
93 8
319 32
474 50
144 29
394 61
81 59
76 79
251 35
75 77
252 98
218 61
199 99
337 79
99 22
347 13
345 69
46 81
408 90
352 66
79 78
202 29
47 14
164 14
297 36
204 10
345 90
328 91
203 66
212 5
289 41
298 43
489 94
62 50
53 19
252 35
104 19
140 41
456 36
82 4
93 25
329 73
485 57
34 68
194 51
205 39
357 80
124 78
214 19
91 71
278 39
77 47
109 76
73 4
74 15
320 2
476 4
281 41
280 83
215 86
256 42
36 66
145 10
496 35
97 64
421 27
401 84
86 10
306 24
386 70
82 34
291 54
351 44
300 17
157 65
206 79
338 69
208 28
305 64
3 65
352 73
188 39
400 70
346 50
281 18
418 38
104 82
406 30
67 68
173 57
200 88
352 66
253 69
351 71
328 21
223 76
30 18
281 60
347 17
95 55
8 59
12 45
398 12
71 19
259 48
323 91
117 46
80 45
299 92
71 96
423 69
394 72
381 97
300 99
461 61
402 25
304 19
140 23
83 52
364 64
242 39
344 94
117 90
392 23
470 97
330 3
449 41
152 33
132 47
318 4
308 67
162 19
128 44
219 71
218 20
150 19
2 26
46 33
165 55
362 77
3 5
365 57
327 60
309 12
469 33
42 75
484 67
309 74
227 78
479 58
10 35
310 60
20 83
215 79
343 62
460 41
112 29
61 97
341 90
232 65
214 29
346 81
334 18
207 11
185 99
309 61
466 29
116 51
81 21
223 9
460 48
94 7
305 6
241 20
254 29
165 83
223 53
19 42
426 90
298 21
444 67
473 65
294 90
418 59
95 48
273 51
