22
500
134 49
499 68
213 68
95 88
411 63
416 75
316 73
245 40
277 65
37 53
113 59
427 17
131 88
108 76
383 25
274 76
200 74
377 55
432 53
407 30
355 18
337 39
126 19
231 43
416 80
497 92
56 80
263 83
54 73
80 28
121 44
245 68
485 82
343 10
438 39
171 31
67 38
313 28
193 60
240 30
172 81
300 9
178 99
424 83
73 52
29 98
5 62
259 62
126 98
176 72
118 58
492 65
265 58
179 40
304 26
183 22
383 97
114 3
268 70
202 98
398 42
469 0
379 94
41 75
265 45
79 96
150 5
435 7
399 24
240 19
169 53
418 69
457 39
99 34
184 44
238 92
499 97
259 97
272 29
226 77
436 5
305 24
448 83
9 9
162 79
172 36
150 81
80 76
197 65
391 63
367 17
65 39
282 24
71 81
393 59
366 33
127 70
333 77
207 32
234 45
191 42
176 37
46 15
327 40
89 34
2 90
469 38
427 95
29 14
359 66
97 23
381 36
117 18
182 87
21 27
481 50
462 53
148 91
181 84
67 25
221 87
424 23
339 26
270 2
458 97
63 30
156 63
383 85
446 65
10 69
242 32
218 4
175 15
304 48
334 15
170 10
489 97
339 68
405 7
27 37
259 42
461 32
205 17
82 35
72 45
237 18
171 18
235 39
280 5
233 47
214 82
342 50
18 75
380 78
354 17
153 83
408 71
199 84
70 19
113 54
162 79
289 17
212 65
353 39
405 49
73 5
39 90
172 11
310 11
438 47
209 4
135 33
65 55
172 10
80 55
157 48
309 53
450 0
155 21
324 92
280 65
444 73
444 0
229 84
256 40
140 76
301 49
9 41
489 90
139 26
386 28
266 68
161 27
65 53
142 64
322 57
8 61
356 79
46 40
86 36
402 98
286 5
403 72
431 66
332 1
487 58
317 80
272 77
50 90
324 15
306 31
174 62
138 7
92 79
60 65
300 34
374 25
172 48
102 44
145 44
363 4
489 55
148 62
197 43
172 58
230 91
192 0
366 96
219 41
459 43
127 76
4 46
22 23
234 16
122 14
389 30
201 72
203 81
186 39
67 19
311 21
267 70
381 47
307 99
97 0
368 6
38 8
29 23
416 74
41 81
410 95
309 5
174 88
276 21
205 97
332 42
55 80
309 25
294 85
320 33
442 18
110 19
477 53
202 32
415 58
329 25
70 30
28 61
116 51
451 62
212 6
69 31
9 94
213 15
99 96
366 46
375 32
336 4
5 71
82 8
71 95
295 89
494 73
405 72
57 3
282 16
355 4
426 65
240 32
186 70
295 55
258 75
396 54
102 15
409 88
167 61
59 33
388 43
278 91
390 56
179 32
480 16
403 52
383 76
399 67
413 43
121 10
212 73
83 0
314 78
352 56
128 56
193 8
494 86
224 2
9 17
37 92
345 36
180 88
259 20
340 18
425 64
327 66
123 80
18 68
144 74
359 38
155 37
226 67
198 90
130 43
317 69
209 2
274 21
295 91
444 10
327 46
9 86
90 74
404 55
303 53
227 91
94 95
312 17
278 74
214 40
49 9
299 33
127 74
431 6
268 12
430 18
316 28
69 1
382 77
375 32
201 14
388 13
300 34
458 8
11 63
138 13
285 64
31 83
110 1
430 70
225 48
84 82
156 74
423 75
465 35
3 60
332 35
128 1
454 46
278 43
270 79
247 19
438 5
170 1
184 96
187 16
435 48
103 72
257 6
391 58
342 93
265 4
72 0
276 15
181 58
5 32
114 76
422 16
178 83
292 59
403 60
226 37
350 95
46 45
296 79
211 96
437 0
264 66
459 0
159 90
37 17
259 1
323 10
447 66
128 77
473 25
451 53
330 65
350 15
187 70
313 7
478 28
418 28
305 33
227 19
4 36
410 57
217 22
293 90
114 38
440 2
199 57
160 66
357 91
308 94
31 86
31 1
21 23
3 50
426 72
434 13
121 51
325 88
225 82
140 18
467 8
305 72
243 63
67 48
15 16
352 57
17 41
233 35
235 48
21 68
221 75
151 55
154 53
387 59
417 88
0 2
191 2
437 70
317 92
272 8
333 51
466 47
49 82
135 53
111 68
46 37
97 85
159 15
478 15
45 79
456 87
20 15
356 52
17 71
109 66
323 83
212 61
4 77
152 99
134 57
24 78
303 51
24 46
181 53
48 26
282 66
474 38
17 51
450 42
199 77
268 99
445 50
27 52
153 40
204 83
355 99
127 62
496 51
288 14
