22
500
14 86
256 25
373 30
463 69
305 52
178 65
456 27
470 7
286 26
295 97
205 93
238 76
439 35
392 67
107 11
473 20
142 25
482 17
241 91
150 22
380 78
285 43
162 41
334 9
321 76
353 11
425 41
451 27
371 85
361 52
467 52
488 29
460 36
12 80
224 58
420 74
429 78
256 20
145 79
443 19
202 21
285 90
496 74
378 55
421 95
161 38
447 33
218 30
46 98
122 35
471 58
423 33
397 13
494 33
46 60
405 62
168 38
48 79
168 59
211 6
272 15
277 5
223 98
320 38
165 33
150 54
21 86
86 22
74 96
17 20
132 49
123 97
384 25
435 57
225 31
261 79
285 78
219 37
386 97
289 1
314 10
432 21
265 80
38 39
444 88
472 32
156 76
475 48
434 66
199 5
466 4
240 80
436 24
297 94
242 61
417 19
336 61
112 10
160 85
209 91
428 14
498 47
21 34
370 37
24 13
262 45
293 46
295 24
450 32
28 89
125 58
275 24
368 41
131 71
402 69
341 93
262 72
22 82
28 88
349 3
382 5
302 65
35 53
31 81
485 83
409 42
311 67
321 88
304 1
331 44
264 66
151 71
431 99
298 92
348 69
168 30
224 57
355 59
472 4
466 75
45 28
372 62
487 81
188 52
145 2
383 80
9 89
426 44
96 0
495 62
94 81
149 68
381 70
353 93
63 76
328 97
454 81
465 70
109 37
67 41
87 30
225 86
260 58
384 69
270 91
24 30
74 9
11 35
34 77
451 52
220 43
302 80
348 13
194 47
471 79
388 47
69 92
429 45
423 36
488 42
424 75
485 7
18 90
217 39
11 60
384 25
29 87
187 15
124 87
180 64
123 47
32 88
484 95
297 30
377 34
385 68
476 20
477 9
476 20
255 94
421 9
289 27
4 40
441 50
451 32
82 28
298 16
173 77
54 1
195 79
349 27
104 91
90 35
253 85
105 53
117 81
454 83
364 83
61 6
191 43
121 49
195 15
405 21
217 54
189 91
476 72
216 49
69 90
234 61
5 96
307 14
201 40
290 12
299 88
105 79
384 10
296 82
494 99
465 9
134 85
309 79
405 53
314 4
74 17
64 43
458 97
430 18
285 35
341 93
314 10
220 75
254 85
289 80
142 14
416 38
361 23
329 85
42 56
305 73
13 62
493 89
231 46
379 97
497 61
354 43
83 42
188 7
152 17
289 34
197 43
26 44
287 83
183 79
313 31
42 35
305 82
415 6
138 7
217 66
237 65
2 54
79 47
160 80
458 87
54 88
14 14
390 42
158 37
378 19
172 67
108 39
323 48
61 86
249 1
275 91
411 38
405 2
426 6
111 57
104 93
21 30
275 20
60 59
15 97
467 93
405 69
283 28
442 67
359 70
112 21
49 54
268 89
280 36
106 25
453 77
361 80
158 37
291 91
307 34
71 62
253 56
208 0
319 57
77 23
455 49
137 32
389 15
109 25
405 37
27 21
494 21
277 7
172 25
216 69
477 82
411 89
51 32
378 6
403 68
351 72
241 90
412 88
188 76
337 6
152 64
400 73
293 94
41 37
387 47
292 80
157 68
298 72
189 81
442 94
40 76
338 88
137 2
362 80
276 81
369 3
260 95
286 45
157 61
247 84
85 90
245 43
458 20
361 88
409 26
427 52
261 64
221 34
314 53
315 81
300 45
379 7
26 30
255 60
356 55
233 11
301 69
467 49
41 82
438 13
280 2
161 21
384 15
468 2
387 79
294 71
83 92
283 66
475 33
347 36
259 65
52 87
35 76
323 77
388 2
119 30
392 87
173 24
50 31
393 95
252 5
403 9
327 60
53 15
489 57
355 75
61 55
29 93
35 25
66 57
320 69
257 1
450 62
338 58
127 8
147 29
80 86
285 35
73 39
107 34
367 7
137 32
114 98
222 80
229 1
473 12
430 19
56 39
85 48
58 80
162 72
8 64
392 77
119 75
30 61
198 87
370 99
475 93
497 68
254 15
479 35
178 96
320 96
290 74
272 72
145 95
287 9
464 79
103 71
401 94
28 46
102 11
404 95
272 13
324 73
262 51
480 70
330 22
208 90
231 30
69 61
489 14
348 12
238 83
303 81
12 46
264 27
427 30
275 66
374 4
470 42
51 98
306 72
284 6
377 43
328 89
104 33
350 25
119 71
75 2
476 44
264 15
320 86
264 54
263 82
131 60
109 75
240 63
357 91
447 12
317 97
376 36
399 73
460 6
219 7
351 53
