22
500
20 53
4 50
121 6
350 12
427 30
182 28
291 17
380 47
262 96
273 64
286 82
124 70
265 11
376 44
497 71
330 20
104 21
468 97
402 79
79 53
488 63
52 68
403 77
320 85
216 26
152 48
419 24
243 89
24 61
277 60
335 31
298 58
446 40
303 98
283 23
320 63
116 19
12 75
62 16
225 95
239 9
9 77
471 47
379 22
319 57
267 44
56 47
145 92
458 5
12 81
475 50
469 84
86 48
290 85
231 35
201 59
431 96
277 53
414 59
104 54
270 55
467 3
497 30
214 85
338 1
209 30
264 22
70 3
47 68
211 98
241 74
379 66
399 80
130 47
434 81
446 88
191 39
382 79
245 31
291 23
63 49
301 20
433 4
61 32
143 19
48 88
105 68
241 83
347 77
210 47
225 87
340 90
186 24
178 26
499 5
344 66
385 72
8 53
160 30
65 10
90 89
271 58
10 67
165 3
217 64
113 65
142 40
167 49
355 17
445 38
394 20
492 71
151 75
258 69
232 9
8 27
284 51
59 89
481 8
382 63
414 0
109 42
465 59
317 48
126 52
401 63
98 17
241 34
154 42
79 79
447 99
347 96
360 97
255 43
239 34
400 92
373 30
67 43
84 15
25 30
298 41
40 78
65 14
380 63
55 54
417 22
277 34
49 8
305 95
370 45
245 50
179 92
442 61
71 92
103 49
13 83
281 8
72 72
130 8
368 16
354 53
289 73
184 4
413 25
218 89
175 38
384 73
409 94
207 95
334 31
234 20
257 72
436 36
221 97
92 4
480 19
282 68
245 91
196 66
190 11
344 64
327 44
156 37
462 87
348 7
271 22
344 13
417 45
151 22
336 12
316 49
129 83
40 99
92 74
417 12
109 70
456 76
482 67
486 70
418 76
186 3
328 35
70 72
172 35
264 54
42 57
278 35
443 38
93 40
425 3
50 51
187 53
346 14
264 74
68 95
408 98
366 7
203 21
107 66
315 16
274 8
35 84
26 96
491 79
343 60
328 55
304 67
118 10
192 61
73 57
269 64
393 12
28 46
87 9
78 7
288 52
224 27
131 52
337 39
331 21
192 64
450 16
308 71
6 46
319 63
196 4
374 4
400 37
24 60
58 30
84 80
400 45
180 67
179 83
59 10
159 52
128 7
4 8
245 22
94 64
125 16
147 6
326 76
47 36
179 79
156 32
26 55
414 68
367 47
426 1
201 59
203 77
475 75
66 14
103 80
163 88
495 49
4 91
386 50
141 54
37 37
376 17
480 39
238 46
442 20
285 46
23 99
23 43
102 46
316 19
297 12
447 81
301 17
228 49
216 86
131 63
452 67
219 77
306 47
238 86
13 29
68 53
386 85
492 50
437 77
301 28
472 24
368 52
122 96
111 76
183 87
78 90
448 51
471 51
348 47
8 52
101 27
52 45
14 60
379 53
140 43
325 95
460 56
433 84
233 93
119 49
91 35
294 28
299 17
477 27
446 4
155 94
302 81
53 46
403 70
451 89
378 99
41 58
476 49
297 51
43 20
124 50
381 89
145 36
153 29
470 58
48 25
131 98
357 57
422 66
264 0
283 80
208 86
216 76
219 4
121 99
420 83
455 35
252 7
314 97
286 2
181 43
85 15
364 38
230 63
184 46
229 85
293 55
62 88
415 88
56 82
259 61
58 61
180 94
125 63
269 97
384 28
170 60
330 78
278 88
103 63
395 59
360 84
42 98
7 52
147 47
433 87
496 39
366 1
245 89
392 46
110 44
437 39
446 77
1 54
237 59
92 51
497 96
195 65
483 4
62 51
426 40
150 53
247 94
29 32
472 23
457 55
15 62
13 66
244 65
492 66
17 61
332 41
195 89
215 63
178 83
328 1
18 69
55 54
139 42
125 89
145 99
315 4
287 1
21 39
309 72
39 91
66 15
335 39
423 93
95 19
41 95
235 86
406 20
208 6
206 72
194 19
176 76
100 11
418 6
351 29
463 99
51 3
6 74
311 99
200 56
304 70
121 18
79 2
257 22
253 71
258 23
394 77
213 10
242 40
61 91
470 72
63 82
481 13
256 81
479 85
117 18
358 63
81 49
284 50
379 79
358 26
497 20
144 55
499 91
390 0
403 98
324 36
464 71
183 87
348 45
399 21
142 3
255 25
297 58
137 83
303 82
267 17
350 24
75 24
46 77
425 68
250 44
356 74
296 85
279 40
420 79
204 26
141 46
467 88
488 7
404 54
307 57
413 45
181 45
