22
500
188 17
380 38
270 9
390 31
329 38
448 72
88 5
325 17
326 53
310 43
471 82
337 71
23 75
260 95
371 16
207 26
426 18
65 3
344 59
37 47
441 87
40 31
90 84
291 76
19 38
257 39
401 92
482 40
458 33
10 17
136 3
196 65
381 89
383 44
195 91
334 16
126 73
92 20
374 6
114 72
329 67
219 64
194 10
413 8
159 23
303 91
420 9
321 59
186 28
438 31
34 65
338 37
408 56
157 69
233 48
472 25
493 54
280 96
97 71
358 8
256 55
8 76
38 92
486 26
492 35
246 7
52 61
205 57
301 46
256 35
489 74
2 45
471 9
3 56
392 54
83 81
115 73
31 3
9 43
301 83
485 23
46 90
355 65
13 95
277 69
382 9
480 51
361 11
320 2
51 56
380 54
415 62
7 46
334 40
281 18
361 88
234 72
340 99
403 75
225 33
479 34
296 75
40 25
270 58
407 29
439 10
112 32
84 65
216 41
69 59
81 91
213 84
353 0
486 29
284 18
51 78
356 39
170 47
498 87
22 44
122 45
419 61
334 6
140 7
319 68
227 93
408 71
62 89
328 97
125 43
341 39
389 79
312 93
27 26
99 44
225 6
16 46
305 8
484 35
44 51
10 40
134 51
134 85
14 76
66 78
403 0
228 3
151 69
369 10
111 85
439 46
305 29
415 93
357 65
39 0
346 64
273 32
205 53
218 85
406 54
162 35
96 46
157 78
491 60
313 10
232 49
36 30
209 95
404 63
366 33
268 54
458 50
451 12
211 60
468 23
318 65
427 9
70 86
161 84
86 23
146 47
114 88
456 61
76 44
412 79
447 84
381 36
77 54
464 29
229 32
441 64
295 20
323 23
81 34
469 12
177 51
440 72
135 45
370 90
213 25
258 42
193 6
239 53
350 6
233 5
199 54
213 55
449 9
278 25
463 45
321 10
250 16
481 91
8 88
86 28
448 39
169 68
418 26
283 96
267 0
221 50
240 73
118 25
423 71
437 26
0 26
80 0
290 27
162 63
398 87
348 67
95 87
211 6
232 91
132 22
465 1
258 74
143 17
123 25
317 38
377 83
340 64
84 19
264 12
34 88
287 22
424 76
151 58
339 75
134 74
360 64
498 84
10 89
343 83
381 12
383 2
284 9
447 9
436 4
245 88
275 69
491 46
71 8
115 37
9 66
483 47
266 9
0 48
422 11
483 46
196 11
28 54
451 85
158 79
233 67
60 20
171 10
155 34
140 99
362 94
343 37
264 12
45 48
443 6
267 97
38 77
488 42
385 72
421 3
119 85
371 0
345 12
453 4
209 91
343 9
448 66
137 20
107 12
323 65
364 13
159 93
485 9
20 24
485 67
122 43
353 79
41 31
141 62
240 74
336 13
426 90
431 28
21 77
428 39
29 13
111 35
208 86
3 21
410 93
106 92
163 19
381 91
411 32
74 28
287 93
36 80
141 12
350 65
402 37
480 37
463 18
72 64
327 31
282 36
164 76
212 21
22 26
401 94
47 73
204 37
173 40
40 93
406 1
140 73
332 17
107 17
430 42
410 8
266 30
282 32
341 73
158 61
331 5
108 28
375 52
461 34
166 6
14 76
474 61
244 92
408 70
399 35
435 47
340 66
12 2
236 40
479 44
228 13
67 27
319 39
41 92
204 11
372 7
435 98
63 90
476 28
498 87
106 63
313 74
374 89
2 1
216 17
377 55
248 25
199 40
254 46
370 39
289 43
359 78
273 70
482 58
445 5
296 10
8 91
106 66
492 33
75 10
440 28
467 9
142 2
447 27
95 83
466 55
159 1
38 73
79 44
462 48
268 23
283 7
194 44
286 65
27 20
41 48
252 39
417 10
45 53
48 31
306 17
233 90
34 13
471 22
311 81
378 93
233 19
446 20
260 67
188 94
199 90
304 50
83 11
176 83
134 88
103 80
35 13
376 68
409 28
133 69
80 12
312 14
216 32
363 82
104 68
358 32
102 52
158 62
485 94
15 7
437 47
143 39
127 99
219 27
278 14
88 17
262 33
242 10
306 84
48 26
277 24
85 44
158 71
286 81
192 17
497 88
100 38
237 32
278 49
451 51
33 15
244 9
383 75
254 7
430 74
156 90
350 83
10 86
216 73
409 46
2 11
139 33
392 2
475 78
87 59
402 60
40 43
321 10
15 29
135 88
399 40
256 59
479 50
24 59
357 64
381 48
18 10
171 89
471 29
230 43
118 72
365 47
451 37
