22
500
334 37
485 24
27 68
455 50
244 0
85 71
17 49
332 15
28 37
182 12
336 84
151 68
125 0
48 18
391 90
274 51
266 20
317 72
268 76
10 75
376 89
496 70
343 35
296 15
112 93
161 23
23 60
344 61
43 45
54 65
261 91
79 80
89 7
463 36
294 6
442 12
271 26
216 7
171 9
472 90
59 28
481 5
281 96
346 87
67 70
342 6
304 9
320 38
106 74
382 55
470 89
167 86
399 56
50 4
404 75
100 36
231 58
308 91
416 12
122 78
384 9
414 28
366 2
369 33
223 76
419 35
239 43
13 28
490 20
467 64
448 85
335 63
247 51
82 23
137 59
134 86
273 94
340 8
325 4
322 66
43 61
201 97
51 80
375 86
89 2
57 54
307 23
241 3
494 55
249 10
445 89
257 32
235 65
91 81
421 87
349 85
260 52
34 46
49 31
382 60
40 3
444 44
288 3
365 41
448 6
430 37
408 61
47 35
53 50
204 85
287 51
330 96
0 32
330 27
163 21
54 5
164 90
146 11
235 27
14 64
251 3
144 57
427 12
78 45
466 72
438 30
232 26
401 30
386 40
218 33
198 94
155 66
117 32
345 13
420 77
472 79
30 57
347 35
324 78
312 92
418 8
402 1
189 12
407 94
471 72
149 32
291 8
142 42
137 70
466 42
71 45
213 10
309 10
134 51
4 54
84 31
332 19
320 50
475 86
263 40
103 27
490 64
257 93
95 41
253 62
275 23
284 77
81 58
141 97
43 24
222 12
407 81
202 15
15 92
373 5
111 28
406 66
95 67
431 31
436 7
149 60
429 65
108 85
163 99
207 92
114 33
288 75
128 18
206 20
371 67
107 70
199 39
98 21
212 39
202 10
35 54
357 56
435 48
431 85
188 83
241 52
183 22
27 75
85 26
92 18
250 71
469 1
26 8
168 17
254 99
254 77
268 2
116 36
156 73
384 64
470 40
314 19
441 9
254 51
176 79
451 49
394 98
354 28
19 41
345 29
125 4
457 95
200 27
149 35
339 11
344 62
41 73
85 57
259 16
88 50
402 27
52 87
93 95
423 92
475 53
361 65
126 34
180 13
71 26
85 93
320 48
253 16
320 73
332 52
163 46
464 27
253 41
378 44
146 66
270 56
32 64
350 80
459 47
357 41
136 37
196 19
452 3
148 29
385 92
139 91
185 57
267 44
32 76
0 21
379 43
286 82
438 92
401 50
475 86
429 54
335 43
271 7
100 34
439 63
349 47
346 49
482 78
121 10
374 34
4 82
199 48
480 0
223 11
381 15
249 19
287 47
158 49
477 22
410 72
149 84
35 39
31 88
92 44
442 63
65 15
331 80
87 74
398 56
195 81
270 48
46 87
289 29
304 75
274 27
446 89
271 50
15 86
456 8
199 39
147 94
480 25
17 23
10 44
261 47
91 74
360 56
435 37
70 92
131 85
334 52
297 48
17 37
299 71
419 39
190 92
176 22
281 64
311 97
313 31
400 18
108 96
467 27
475 49
328 48
246 18
235 67
414 45
70 59
2 9
41 4
191 83
139 69
42 61
193 93
416 2
238 37
132 67
365 59
308 84
470 30
285 52
477 81
353 98
241 36
150 73
267 26
191 7
445 21
484 64
436 80
389 43
350 47
459 7
162 75
202 41
115 7
350 66
54 61
141 4
267 62
226 23
28 73
460 19
331 57
271 8
218 98
233 90
179 38
68 85
264 20
436 32
402 43
121 27
267 89
369 4
128 98
201 47
163 81
322 2
422 74
263 54
380 29
30 18
29 37
496 47
195 89
333 56
6 91
186 57
490 13
320 20
251 4
433 64
49 77
166 12
430 4
301 2
259 39
336 2
435 40
247 89
211 18
148 19
251 58
409 50
242 26
47 77
473 81
273 35
303 72
169 98
126 99
341 32
189 76
176 35
425 26
379 3
274 87
239 36
58 30
110 51
94 90
235 52
118 84
455 19
248 72
245 80
168 20
360 83
333 3
480 66
276 17
33 41
104 53
311 58
131 2
122 5
338 91
68 95
168 55
480 21
466 56
265 18
406 3
89 38
360 21
287 2
270 71
394 64
348 92
12 98
150 26
299 47
213 59
102 80
206 49
117 48
444 39
438 47
97 3
126 16
168 58
228 58
343 79
474 81
230 45
187 28
424 24
136 33
182 88
319 95
321 61
58 92
483 10
167 89
85 74
493 57
310 94
367 78
169 4
376 90
408 62
344 65
139 75
146 30
