22
500
26 45
471 27
54 39
476 11
466 57
144 86
41 80
1 33
464 53
67 58
371 46
89 9
363 74
304 80
182 83
412 73
38 61
109 29
404 30
396 39
222 76
424 7
17 92
293 29
225 16
489 53
63 15
394 31
450 13
238 64
491 6
126 12
186 74
443 62
480 68
363 72
4 37
178 82
4 36
66 94
301 73
99 51
332 61
330 47
269 78
110 51
207 89
328 54
332 3
477 17
74 15
377 20
77 16
370 21
386 16
64 65
57 38
126 80
473 53
199 33
414 75
103 39
458 7
453 45
448 66
348 6
180 29
83 22
185 33
119 50
48 15
112 53
93 13
322 27
423 91
260 12
43 5
9 94
423 70
376 63
230 34
65 29
172 44
143 67
176 26
107 76
338 67
497 50
122 26
307 66
180 77
484 64
352 30
60 22
41 54
326 56
402 69
195 71
194 40
65 0
108 93
314 86
356 39
485 98
495 41
249 57
264 21
238 28
246 59
370 93
317 14
220 14
216 46
138 66
346 92
337 36
114 12
108 69
11 36
100 83
202 27
328 89
327 2
428 27
24 88
477 71
329 31
357 43
140 87
144 55
361 98
83 63
497 45
401 21
388 71
308 45
368 29
483 34
357 81
244 5
187 80
20 49
364 35
100 17
255 63
114 14
407 87
429 83
43 88
470 86
289 78
37 8
206 24
125 49
162 80
468 28
168 72
38 35
99 39
54 42
178 74
37 87
262 43
252 30
182 68
430 12
399 63
62 0
225 55
7 31
403 72
269 67
7 45
72 99
293 42
279 81
229 77
162 25
146 46
91 76
490 55
211 18
405 24
40 57
375 29
369 44
65 95
105 98
100 51
468 97
169 36
37 59
372 70
305 7
142 70
167 88
221 56
478 81
15 0
186 77
432 7
250 6
15 91
421 59
416 28
340 98
349 51
297 4
53 47
452 18
18 91
202 46
9 78
326 33
68 11
52 6
494 75
364 83
497 62
388 68
403 5
103 19
358 22
262 49
251 6
170 1
464 33
102 6
321 68
160 47
14 8
233 18
331 83
321 10
300 88
79 72
176 93
374 16
349 91
283 72
67 12
5 48
408 41
210 45
367 51
260 96
395 64
141 33
460 70
102 67
459 64
418 26
124 68
244 98
179 82
19 15
28 94
345 21
159 65
28 16
469 86
123 0
401 78
380 6
374 98
446 29
307 22
461 28
401 92
207 21
37 44
107 81
133 19
54 14
334 23
81 45
314 87
213 77
374 80
78 52
297 92
414 89
365 16
196 4
380 46
301 30
199 56
408 95
267 48
78 94
405 87
75 48
7 13
57 64
484 6
406 53
405 99
233 65
22 68
165 73
346 47
397 37
294 59
218 67
456 7
457 69
312 60
423 28
103 26
332 88
264 46
189 76
454 0
102 39
46 56
108 51
295 65
360 83
299 42
405 83
427 74
49 53
407 7
274 15
130 93
390 89
112 30
221 57
469 42
429 41
187 13
83 51
243 3
94 98
384 99
276 52
148 42
94 0
408 73
487 47
474 6
478 38
358 97
5 5
299 68
128 26
498 69
331 17
76 88
309 13
283 32
55 31
437 0
478 75
365 70
274 25
305 92
175 80
165 59
244 16
5 43
395 78
57 86
281 30
258 76
268 74
55 23
353 36
249 7
368 60
149 70
190 32
25 30
218 7
455 22
186 26
247 81
157 76
388 25
300 51
141 45
344 60
373 40
191 40
149 26
397 53
271 91
8 86
116 77
94 44
104 66
340 8
276 33
251 30
345 72
178 61
214 78
453 1
82 73
442 12
289 53
246 98
93 85
406 8
490 74
79 79
102 33
494 45
403 58
372 74
351 63
331 9
466 36
43 24
45 36
207 26
74 35
67 10
230 49
158 8
291 7
179 24
185 36
29 17
404 89
467 84
351 87
26 88
397 1
154 0
188 78
457 19
340 14
396 33
123 4
111 82
421 36
222 4
152 68
402 31
181 1
77 25
479 17
63 88
207 1
65 51
313 61
284 74
60 50
246 97
491 66
194 4
202 88
184 42
477 82
341 98
112 66
296 58
198 27
144 58
170 99
256 12
63 33
278 66
218 98
327 26
89 27
206 29
307 28
221 52
13 48
499 60
492 16
424 24
463 79
465 56
145 65
131 73
317 49
135 30
13 20
378 44
448 14
185 79
438 39
154 98
14 15
252 79
412 66
5 9
78 45
3 89
474 19
411 15
2 44
37 55
304 47
334 45
116 33
250 58
