22
500
149 41
351 45
156 69
489 31
490 24
200 1
277 28
72 68
246 42
196 2
45 3
329 0
342 73
437 89
41 87
472 53
266 66
396 45
244 14
359 9
220 16
14 87
404 86
364 51
108 52
340 58
430 41
467 67
23 29
266 46
313 93
400 90
269 70
472 58
348 12
4 99
64 66
353 59
333 72
200 94
218 72
333 95
69 36
287 68
245 67
497 32
69 19
461 26
387 66
151 50
347 54
276 67
308 88
37 17
93 38
232 98
60 47
143 55
265 64
63 61
186 52
256 33
416 71
292 87
11 97
134 95
46 93
490 57
140 65
31 87
259 58
69 28
425 28
372 45
233 41
330 67
331 3
26 6
351 95
114 77
287 97
189 72
127 99
298 51
248 45
16 1
6 84
494 16
398 30
69 29
263 62
327 4
446 22
53 43
465 70
365 31
312 33
329 66
474 37
185 58
486 13
259 37
223 55
48 78
154 74
172 19
53 12
330 62
393 16
78 70
123 23
219 75
358 11
141 54
30 24
59 52
125 61
378 60
368 7
380 27
193 15
28 2
105 62
55 58
323 31
101 5
290 16
341 54
143 66
360 56
31 88
129 33
205 17
59 61
282 87
256 88
310 17
475 51
430 72
52 15
138 5
74 92
475 2
242 2
260 43
2 76
182 32
466 24
5 14
264 44
7 28
288 21
148 88
94 53
351 58
391 14
231 12
482 58
317 15
386 27
305 74
331 74
13 13
52 36
400 89
95 33
451 77
182 89
47 33
389 14
78 69
396 27
218 41
324 12
434 89
29 3
361 44
459 92
282 24
73 31
85 10
61 4
290 29
132 23
466 80
83 34
307 61
184 50
247 16
111 43
393 27
60 41
68 58
197 70
489 71
417 73
31 15
326 31
65 61
465 55
479 54
415 2
340 83
467 33
185 65
373 84
24 29
213 76
484 88
257 95
363 67
476 57
270 28
446 41
65 74
432 19
243 35
209 98
486 53
498 61
359 77
291 70
360 72
324 35
456 29
232 76
390 12
384 31
379 83
302 29
469 33
156 55
386 47
100 63
395 94
448 55
19 6
118 41
92 34
401 31
195 85
149 85
330 54
120 74
416 5
52 11
302 19
210 93
271 97
460 41
84 65
250 49
266 42
98 94
249 80
406 67
299 40
471 43
61 96
29 4
370 58
197 24
433 97
317 54
213 38
380 6
248 61
81 80
383 96
187 95
347 68
250 62
249 80
275 82
318 85
271 3
409 21
470 89
35 15
352 34
308 4
174 70
486 63
168 84
304 40
296 41
166 63
65 18
370 56
413 44
87 71
487 56
279 26
431 18
382 22
231 77
301 60
313 29
190 97
9 52
160 61
294 4
183 47
139 1
420 38
407 6
53 76
237 42
205 76
408 86
135 31
116 93
61 21
158 57
85 34
132 29
252 72
329 34
433 66
232 64
462 45
137 9
28 92
158 25
120 76
336 91
462 42
275 34
182 95
333 61
23 34
171 7
266 55
117 25
176 68
127 49
424 73
96 90
365 27
43 81
190 8
472 58
185 97
439 67
482 32
390 77
132 25
392 35
396 18
333 70
133 49
61 45
417 30
147 20
410 54
193 73
349 61
398 90
15 9
65 54
444 13
218 83
465 10
451 56
210 65
152 60
215 53
150 11
166 70
438 96
404 54
357 23
495 17
353 11
4 72
342 89
88 20
393 28
424 35
153 70
201 86
253 45
483 67
331 43
17 75
60 30
493 13
139 65
60 71
131 24
177 17
140 28
491 67
57 86
483 69
423 47
389 10
461 89
28 40
465 97
179 85
418 21
122 87
308 29
315 43
83 31
96 70
437 26
342 72
8 60
247 28
150 2
164 23
390 97
87 44
209 24
376 3
311 59
215 27
224 63
128 3
449 56
296 90
291 28
199 55
466 26
108 2
95 96
118 73
102 53
410 57
200 81
179 58
475 33
294 23
135 31
395 32
177 97
136 38
364 89
441 58
348 16
422 38
251 99
8 12
427 18
203 36
192 12
242 99
372 52
461 49
475 71
300 58
293 15
104 16
280 71
256 39
125 24
250 0
459 92
249 40
157 15
312 85
171 81
270 83
195 18
38 54
387 43
164 31
253 33
35 84
314 55
143 42
272 15
192 29
461 29
424 66
287 71
183 6
465 12
456 23
180 13
27 78
5 76
417 4
489 60
351 15
212 82
208 32
64 75
295 48
322 79
418 8
313 67
422 51
52 23
311 31
207 56
497 48
306 10
