22
500
251 19
331 18
129 13
375 17
8 19
468 61
485 45
87 10
457 19
264 31
410 27
113 26
48 47
211 62
367 59
417 36
150 84
86 20
310 65
322 13
39 53
0 3
117 48
277 63
208 33
134 18
92 57
241 30
71 66
368 17
184 99
55 34
490 83
487 66
385 12
189 79
53 78
158 77
154 75
125 36
30 30
406 88
379 88
202 68
115 45
139 20
208 42
251 5
207 25
248 6
381 65
490 41
156 46
25 99
2 78
168 63
51 89
141 27
118 11
282 44
482 6
172 57
262 88
468 23
209 72
250 55
491 4
276 30
498 4
163 46
294 28
258 67
367 67
182 15
312 65
143 22
40 19
224 1
298 83
409 10
441 85
11 64
294 47
119 31
376 74
15 17
459 84
75 47
89 94
194 15
424 77
119 94
4 54
485 59
435 30
219 21
275 1
37 32
280 59
267 43
495 49
188 27
224 91
356 0
158 66
310 97
151 41
48 75
486 7
318 15
102 6
99 59
174 12
36 41
209 80
483 2
1 50
178 2
444 44
33 43
72 81
203 75
483 44
171 68
115 16
2 17
365 69
98 95
375 85
480 15
93 64
468 73
44 4
287 89
193 21
306 61
127 25
140 38
433 46
468 37
232 11
204 65
9 27
420 52
312 94
276 90
211 96
315 22
79 0
263 48
368 1
37 31
458 81
340 36
393 20
38 76
403 67
308 83
214 38
475 25
294 25
23 34
437 83
351 84
444 2
312 40
490 29
281 68
401 13
441 69
146 50
204 93
491 64
180 85
411 67
358 0
360 99
390 46
121 29
113 73
279 42
169 31
284 43
494 7
1 95
385 49
272 64
449 94
382 19
469 77
395 42
422 69
431 66
186 41
405 20
291 23
271 8
364 2
204 11
91 26
219 87
487 87
209 77
262 47
304 67
271 77
298 69
253 43
312 85
6 33
287 72
279 46
218 49
325 52
265 85
441 49
325 66
185 56
92 19
129 50
343 25
359 66
109 80
58 2
339 33
474 49
24 78
341 69
46 57
106 41
111 41
34 69
357 69
121 31
309 13
41 97
228 33
498 73
383 55
67 91
52 51
47 58
285 40
361 79
48 8
150 35
143 23
257 12
120 98
405 85
418 47
122 69
421 55
384 66
478 87
0 33
99 5
378 93
369 9
336 41
195 17
380 97
481 24
128 9
115 5
310 91
24 24
348 84
87 11
77 91
117 41
323 64
290 18
418 20
485 18
77 36
79 21
154 46
381 49
254 86
265 77
241 0
211 34
414 96
84 26
255 97
395 67
440 94
166 30
365 68
347 31
211 75
148 64
249 25
319 75
263 60
89 62
212 65
338 27
478 45
290 24
424 63
344 25
191 14
330 79
344 18
127 62
377 17
45 65
255 78
252 11
341 78
191 26
223 83
446 97
263 53
372 45
378 30
294 32
295 11
58 24
381 11
489 51
466 72
439 30
490 53
157 72
268 55
68 98
275 35
152 29
433 43
397 60
224 24
479 43
338 45
476 88
32 74
498 25
427 41
439 9
141 68
386 92
24 84
481 1
84 12
241 44
367 33
286 83
464 25
463 72
168 30
234 67
115 1
144 52
231 43
221 23
374 10
406 4
401 46
421 82
142 55
461 43
112 72
458 76
134 73
281 51
19 19
110 97
159 30
454 64
271 75
269 49
360 55
86 42
478 1
199 3
401 7
402 69
140 85
301 39
423 25
133 96
6 64
269 87
215 16
452 31
242 62
227 36
489 58
302 14
19 71
25 78
120 91
135 8
199 29
496 98
14 28
360 18
66 39
17 94
416 57
146 27
273 91
265 19
374 42
336 15
395 60
418 23
308 46
482 35
370 21
118 66
393 66
249 38
31 88
430 77
240 75
298 0
55 30
61 41
152 42
285 33
373 7
472 71
15 45
255 18
148 78
318 32
187 51
119 58
110 1
195 66
184 91
171 97
57 65
125 39
187 69
138 39
106 47
17 45
386 5
427 87
18 74
136 79
420 66
400 36
133 83
254 16
219 99
31 64
377 61
367 17
240 69
420 92
482 72
179 83
259 31
11 40
369 21
183 0
157 88
441 74
406 26
414 89
24 24
373 60
234 29
251 60
32 19
163 9
499 87
259 51
162 95
378 56
65 12
498 68
167 81
192 35
209 44
477 75
101 5
178 51
409 32
418 34
278 12
349 59
123 52
55 92
419 14
259 47
30 6
466 77
395 91
331 57
33 59
463 19
422 84
387 5
455 31
