22
500
279 49
461 43
342 17
346 48
252 59
470 89
355 64
219 72
38 28
199 27
71 35
287 0
399 17
437 31
266 7
286 51
245 47
418 79
414 81
204 51
296 8
134 43
404 79
301 68
139 93
290 33
226 83
83 21
134 93
271 48
447 5
143 68
320 77
488 38
409 85
396 52
150 60
473 85
484 57
30 3
131 89
420 97
148 17
37 9
179 66
425 34
73 59
83 13
362 11
367 35
51 6
465 43
2 8
473 27
7 64
45 66
354 10
106 11
494 67
148 71
271 47
199 19
97 90
114 28
374 21
220 48
267 19
317 49
154 1
277 83
207 18
280 86
450 89
217 56
498 91
35 70
257 91
6 64
393 93
348 60
452 44
18 41
27 95
474 36
187 55
442 0
252 60
333 9
171 47
56 18
442 51
230 60
258 38
80 81
206 86
73 70
397 91
380 49
157 23
304 24
439 93
158 6
126 66
36 32
427 37
397 44
193 69
325 4
337 18
355 16
475 90
118 72
225 53
36 70
439 61
466 93
102 80
294 36
290 12
111 29
170 70
451 74
314 79
426 43
192 87
329 14
279 79
413 80
224 35
164 80
448 11
29 33
7 47
168 67
455 85
469 15
285 17
351 31
30 24
103 80
119 1
263 30
0 49
1 31
115 46
322 88
431 21
176 14
435 15
169 71
58 36
456 68
369 62
376 75
444 50
446 46
100 12
134 83
306 36
49 31
146 19
451 55
367 34
26 32
383 27
74 31
271 53
104 45
453 2
416 96
119 49
415 70
94 70
11 50
130 50
4 2
75 59
82 76
469 37
367 69
466 81
232 52
366 81
190 9
426 54
263 56
168 19
467 32
132 71
348 76
304 23
269 33
362 54
86 37
371 86
324 64
359 21
425 73
331 81
490 96
444 51
80 48
321 55
323 71
280 36
369 4
44 2
289 13
42 27
74 37
39 89
50 86
218 39
231 90
88 10
327 92
40 4
392 34
352 59
282 30
271 67
55 45
172 94
123 13
181 65
416 22
367 5
21 65
392 12
256 32
366 51
488 2
6 24
27 70
40 5
383 51
145 65
85 33
42 49
208 59
235 18
36 82
311 95
419 98
77 13
473 42
159 84
140 96
346 50
107 41
28 32
128 27
268 20
91 69
9 92
19 37
241 74
327 58
287 91
316 72
272 57
400 96
494 28
275 49
411 77
253 93
457 72
8 98
397 54
496 62
353 38
478 8
412 34
173 0
216 4
236 56
14 37
63 31
489 34
339 97
371 15
354 12
210 42
143 50
43 82
73 12
323 93
253 57
433 49
233 64
191 53
32 85
390 16
278 59
255 55
201 16
119 15
406 38
217 87
365 81
482 65
129 0
348 81
313 16
246 59
330 40
155 23
441 13
210 50
122 64
203 40
29 40
156 65
301 76
191 32
155 26
29 69
478 27
157 84
420 41
303 47
359 99
453 80
318 65
43 77
301 95
401 20
387 18
227 70
213 86
490 28
96 81
403 52
335 90
60 11
96 11
398 38
115 48
249 14
450 43
179 32
248 29
234 41
217 61
420 84
184 33
244 94
306 3
298 77
314 93
443 4
30 1
59 51
185 45
83 37
154 64
316 17
379 74
171 99
45 0
319 7
391 70
50 39
1 57
374 1
285 8
242 92
149 47
231 25
498 96
396 62
445 84
372 85
37 54
304 32
480 56
277 52
447 24
338 64
430 72
222 22
420 3
435 39
406 33
118 89
135 9
169 51
349 85
456 32
5 49
458 64
163 18
94 55
250 14
115 99
476 62
334 57
37 46
257 83
224 68
389 98
285 83
326 32
65 0
90 11
276 28
170 42
111 51
33 87
172 74
494 81
42 49
200 67
414 41
487 47
379 7
134 43
139 17
364 55
434 33
65 62
141 97
84 69
258 29
431 43
336 89
138 8
484 55
435 93
471 84
358 20
410 35
214 28
411 5
50 85
90 46
115 51
461 79
440 82
147 98
172 81
126 79
497 1
358 31
356 28
68 66
32 87
436 4
54 42
167 15
345 46
442 35
23 36
252 67
242 80
235 96
36 10
406 27
275 80
301 55
282 29
235 87
409 40
28 78
312 17
201 6
286 91
44 50
456 55
173 12
50 62
300 12
308 39
249 95
288 87
371 36
291 56
251 52
205 12
175 52
78 2
143 34
452 70
113 57
87 71
38 72
162 58
412 0
166 21
285 44
247 71
58 24
252 12
299 58
75 19
203 79
41 38
88 79
297 13
437 37
