22
500
395 76
238 51
207 48
198 36
278 17
210 82
336 12
157 11
401 52
260 0
262 38
100 63
473 25
479 30
37 77
90 26
112 90
492 4
476 87
475 27
490 47
202 77
350 4
274 22
292 80
316 71
318 65
306 13
170 98
476 72
143 58
38 57
498 39
234 41
127 76
268 74
454 2
192 3
465 26
131 94
86 11
297 59
353 52
221 70
7 72
318 72
276 74
336 62
138 43
142 38
488 65
334 15
150 62
427 72
252 79
63 96
89 60
355 77
208 27
158 59
285 58
164 29
33 11
138 20
423 87
68 11
126 15
272 63
248 8
288 58
468 64
327 19
211 22
262 72
263 5
137 5
458 21
355 67
70 72
420 95
71 75
122 9
289 15
114 24
486 60
96 87
149 95
51 44
428 33
230 78
76 29
142 82
349 60
49 16
46 26
140 56
352 93
396 33
377 24
346 60
413 77
247 54
4 40
486 49
187 40
22 16
84 0
65 85
251 81
196 63
102 53
67 55
302 6
372 74
421 17
28 24
396 92
0 83
239 50
167 81
344 90
412 31
347 3
477 97
323 17
230 48
5 70
99 45
402 55
214 97
72 20
384 28
494 75
23 71
331 51
347 66
105 20
275 0
314 80
158 88
369 16
392 25
121 58
179 40
78 53
18 71
61 9
496 92
67 59
71 89
238 64
316 3
437 4
32 38
250 87
306 0
394 39
493 88
382 7
278 83
236 37
274 84
165 69
141 8
182 86
464 11
235 63
356 38
496 3
407 38
282 16
37 86
92 27
488 88
279 50
145 38
449 90
53 91
114 42
188 33
490 48
41 31
128 35
82 63
381 32
212 57
261 8
300 85
286 53
129 93
44 74
62 59
183 84
196 42
52 1
163 67
18 10
152 15
373 53
348 51
392 27
423 11
125 92
381 5
123 81
159 1
157 91
130 30
441 27
459 85
356 32
414 23
18 73
132 39
24 12
3 20
488 24
310 69
387 13
187 39
164 98
69 27
340 25
203 65
399 71
35 24
293 20
242 3
261 86
178 86
189 61
234 3
292 16
139 97
199 95
212 98
461 87
492 67
0 83
120 72
356 38
416 71
139 96
319 79
91 22
294 92
105 61
57 81
217 18
229 67
415 63
327 44
371 46
4 44
484 24
96 36
251 74
238 80
40 20
378 93
94 69
425 24
116 40
3 3
158 76
438 70
477 97
179 37
65 79
380 11
86 18
270 20
496 93
425 53
83 56
47 51
445 48
156 49
154 93
271 58
170 45
1 34
436 12
147 30
4 51
101 94
452 75
461 34
390 36
263 16
5 93
133 52
378 25
473 59
356 83
454 57
15 16
158 44
46 26
176 17
48 15
367 15
441 73
98 68
142 88
475 64
384 59
472 15
76 26
453 89
120 6
497 33
428 43
157 26
322 80
136 30
14 6
289 67
292 46
21 25
133 67
143 63
234 51
495 65
219 54
469 58
66 61
112 52
497 66
128 94
447 25
68 52
219 41
168 49
30 75
196 41
293 93
203 66
485 44
13 85
392 23
128 42
338 0
486 48
395 82
64 18
479 78
95 86
344 51
104 41
90 0
18 72
406 4
133 99
16 9
424 35
369 56
50 46
349 42
104 15
252 72
332 23
57 71
105 55
13 18
451 70
435 47
152 91
223 40
310 34
275 91
327 81
267 65
483 76
23 95
38 64
359 46
169 20
281 19
238 53
101 69
390 94
372 41
23 96
299 34
452 4
150 48
227 25
465 82
246 66
232 40
49 2
94 21
353 91
158 92
220 54
133 19
298 71
98 3
417 10
227 98
446 35
91 83
238 51
204 10
101 39
397 90
49 24
90 78
115 79
303 31
338 86
69 53
309 9
206 82
343 35
123 82
350 88
145 86
490 23
407 26
414 40
490 98
238 97
292 94
383 91
466 56
279 34
18 65
343 74
252 52
385 4
350 48
171 30
281 51
434 61
24 67
3 51
353 94
345 78
300 20
299 84
151 26
215 42
267 56
11 74
424 83
424 2
69 21
308 88
404 61
242 28
495 48
498 25
496 20
102 5
169 16
394 56
330 11
165 31
388 48
153 87
470 79
300 93
481 6
236 39
323 98
443 64
448 97
396 47
136 78
56 53
39 14
173 26
106 73
29 98
31 99
58 29
427 90
159 17
212 13
127 40
172 18
467 19
493 10
405 17
16 72
26 7
168 10
340 51
242 26
456 75
254 66
55 90
357 6
312 65
13 37
265 43
43 41
460 44
